ZipCode,county,state,Adult,Retirement,Geriatric
35023,Jefferson County,AL,NA,NA,18.84904086738949
35045,Chilton County,AL,NA,67.5235646958012,74.56213511259384
35057,Cullman County,AL,NA,NA,86.15512927439532
35077,Cullman County,AL,NA,NA,66.4720600500417
35146,St. Clair County,AL,NA,66.32390745501286,NA
35151,Talladega County,AL,NA,85.17566409597258,NA
35160,Talladega County,AL,18.8,NA,NA
35173,Jefferson County,AL,NA,NA,44.28690575479566
35209,Jefferson County,AL,NA,95.97257926306769,NA
35211,Jefferson County,AL,NA,23.564695801199655,NA
35214,Jefferson County,AL,NA,37.874892887746356,NA
35216,Jefferson County,AL,NA,47.21508140531277,NA
35217,Jefferson County,AL,NA,NA,72.47706422018348
35226,Jefferson County,AL,NA,20.651242502142246,NA
35228,Jefferson County,AL,NA,79.52013710368466,NA
35242,Shelby County,AL,NA,NA,54.37864887406172
35244,Jefferson County,AL,NA,NA,53.71142618849041
35401,Tuscaloosa County,AL,NA,NA,46.788990825688074
35405,Tuscaloosa County,AL,NA,10.197086546700943,NA
35475,Tuscaloosa County,AL,NA,NA,71.64303586321935
35555,Fayette County,AL,NA,NA,47.122602168473726
35579,Walker County,AL,99.2,NA,NA
35592,Lamar County,AL,NA,83.37617823479006,NA
35611,Limestone County,AL,NA,24.507283633247642,53.044203502919096
35640,Morgan County,AL,NA,67.86632390745501,NA
35661,Colbert County,AL,NA,NA,91.32610508757297
35749,Madison County,AL,NA,NA,67.05587989991659
35802,Madison County,AL,NA,NA,53.87823185988324
35810,Madison County,AL,67.2,NA,NA
35901,Etowah County,AL,NA,NA,60.3836530442035
35983,Cherokee County,AL,NA,95.54413024850042,NA
36024,Elmore County,AL,NA,93.23050556983719,NA
36027,Barbour County,AL,NA,56.64095972579263,NA
36033,Butler County,AL,NA,99.74293059125964,NA
36201,Calhoun County,AL,NA,47.64353041988004,NA
36272,Calhoun County,AL,53.2,NA,80.56713928273561
36301,Houston County,AL,NA,14.05312767780634,19.432860717264386
36303,Houston County,AL,NA,38.47472150814053,NA
36322,Dale County,AL,NA,NA,97.66472060050042
36526,Baldwin County,AL,56.8,38.13196229648671,NA
36608,Mobile County,AL,NA,45.41559554413025,55.21267723102585
36703,Dallas County,AL,NA,56.72664952870608,NA
36744,Hale County,AL,NA,NA,70.80900750625521
36830,Lee County,AL,NA,NA,54.045037531276066
99515,Anchorage Municipality,AK,NA,NA,77.73144286905755
99669,Kenai Peninsula Borough,AK,NA,NA,81.15095913261051
99709,Fairbanks North Star Borough,AK,NA,52.27077977720651,NA
99712,Fairbanks North Star Borough,AK,NA,NA,92.99416180150125
85018,Maricopa County,AZ,NA,37.36075407026564,49.87489574645538
85024,Maricopa County,AZ,NA,77.03513281919452,NA
85044,Maricopa County,AZ,NA,NA,61.71809841534612
85050,Maricopa County,AZ,NA,NA,61.05087572977481
85086,Maricopa County,AZ,NA,39.24592973436161,NA
85128,Pinal County,AZ,44,NA,NA
85203,Maricopa County,AZ,NA,48.15766923736076,NA
85205,Maricopa County,AZ,NA,59.04027420736932,NA
85206,Maricopa County,AZ,NA,NA,8.256880733944955
85207,Maricopa County,AZ,NA,60.49700085689803,45.62135112593828
85248,Maricopa County,AZ,NA,NA,28.85738115095913
85255,Maricopa County,AZ,NA,41.4738646101114,NA
85282,Maricopa County,AZ,NA,NA,94.32860717264387
85301,Maricopa County,AZ,NA,NA,24.603836530442035
85306,Maricopa County,AZ,NA,NA,54.96246872393661
85308,Maricopa County,AZ,NA,15.424164524421593,NA
85323,Maricopa County,AZ,NA,50.98543273350471,NA
85326,Maricopa County,AZ,NA,NA,58.63219349457881
85351,Maricopa County,AZ,NA,7.79777206512425,22.26855713094245
85361,Maricopa County,AZ,NA,96.91516709511568,94.74562135112595
85364,Yuma County,AZ,NA,NA,2.6688907422852375
85374,Maricopa County,AZ,NA,NA,4.336947456213512
85375,Maricopa County,AZ,NA,21.85089974293059,0.7506255212677231
85383,Maricopa County,AZ,32,NA,NA
85395,Maricopa County,AZ,NA,NA,63.80316930775647
85546,Graham County,AZ,NA,NA,94.16180150125103
85614,Pima County,AZ,NA,18.76606683804627,NA
85622,Pima County,AZ,NA,85.68980291345329,NA
85643,Cochise County,AZ,NA,NA,90.9090909090909
85706,Pima County,AZ,NA,36.41816623821765,NA
85710,Pima County,AZ,NA,48.84318766066838,NA
85711,Pima County,AZ,NA,12.425021422450728,NA
85735,Pima County,AZ,NA,NA,91.99332777314429
85743,Pima County,AZ,NA,NA,55.4628857381151
85745,Pima County,AZ,NA,NA,98.49874895746456
85746,Pima County,AZ,NA,NA,43.95329441201001
85929,Navajo County,AZ,NA,95.71550985432734,NA
86001,Coconino County,AZ,NA,44.558697514995714,NA
86301,Yavapai County,AZ,NA,NA,12.92743953294412
86303,Yavapai County,AZ,NA,41.645244215938305,NA
86305,Yavapai County,AZ,NA,NA,51.37614678899083
86314,Yavapai County,AZ,NA,22.193658954584407,40.200166805671394
86325,Yavapai County,AZ,97.6,NA,NA
86336,Yavapai County,AZ,NA,59.8114824335904,NA
86409,Mohave County,AZ,NA,NA,18.765638031693076
86413,Mohave County,AZ,NA,59.89717223650386,NA
71603,Jefferson County,AR,NA,NA,20.683903252710593
71667,Lincoln County,AR,84.39999999999999,NA,NA
71701,Ouachita County,AR,NA,NA,57.54795663052544
71854,Miller County,AR,NA,NA,29.107589658048372
71901,Garland County,AR,NA,NA,68.72393661384487
71953,Polk County,AR,NA,NA,33.861551292743954
72020,White County,AR,NA,NA,72.64386989157632
72046,Lonoke County,AR,NA,89.37446443873179,NA
72076,Pulaski County,AR,NA,NA,12.427022518765638
72106,Faulkner County,AR,NA,91.08826049700086,NA
72116,Pulaski County,AR,NA,40.1885175664096,NA
72118,Pulaski County,AR,NA,NA,41.95162635529608
72360,Lee County,AR,NA,96.91516709511568,NA
72401,Craighead County,AR,NA,NA,12.67723102585488
72432,Poinsett County,AR,NA,NA,98.0817347789825
72450,Greene County,AR,NA,24.764353041988006,NA
72454,Clay County,AR,NA,NA,72.89407839866556
72529,Sharp County,AR,NA,NA,74.06171809841534
72543,Cleburne County,AR,NA,59.55441302485004,NA
72616,Carroll County,AR,NA,NA,95.66305254378649
72653,Baxter County,AR,NA,NA,7.25604670558799
72701,Washington County,AR,NA,67.09511568123393,90.65888240200167
72714,Benton County,AR,NA,65.80976863753213,NA
72715,Benton County,AR,NA,NA,16.763969974979148
72727,Washington County,AR,NA,94.00171379605827,NA
72756,Benton County,AR,NA,34.447300771208226,NA
72762,Washington County,AR,NA,NA,49.87489574645538
72908,Sebastian County,AR,NA,NA,68.14011676396997
90015,Los Angeles County,CA,NA,NA,73.1442869057548
90027,Los Angeles County,CA,NA,NA,13.59466221851543
90028,Los Angeles County,CA,NA,NA,37.7814845704754
90029,Los Angeles County,CA,NA,67.6949443016281,NA
90034,Los Angeles County,CA,NA,NA,33.277731442869054
90036,Los Angeles County,CA,NA,NA,27.18932443703086
90044,Los Angeles County,CA,9.6,NA,32.02668890742285
90046,Los Angeles County,CA,NA,23.050556983718938,29.941618015012512
90061,Los Angeles County,CA,NA,68.808911739503,NA
90065,Los Angeles County,CA,NA,34.36161096829478,NA
90220,Los Angeles County,CA,NA,NA,34.445371142618846
90247,Los Angeles County,CA,NA,NA,47.372810675562974
90260,Los Angeles County,CA,NA,87.83204798628962,NA
90501,Los Angeles County,CA,NA,NA,46.45537948290242
90503,Los Angeles County,CA,NA,NA,64.80400333611342
90601,Los Angeles County,CA,NA,62.55355612682091,NA
90623,Orange County,CA,NA,80.80548414738647,NA
90630,Orange County,CA,NA,NA,34.361968306922435
90660,Los Angeles County,CA,NA,NA,19.849874895746456
90706,Los Angeles County,CA,26,35.2185089974293,NA
90740,Orange County,CA,NA,73.7789203084833,NA
90804,Los Angeles County,CA,NA,NA,96.41367806505421
90813,Los Angeles County,CA,92,NA,NA
90815,Los Angeles County,CA,NA,NA,60.550458715596335
91001,Los Angeles County,CA,NA,68.12339331619538,NA
91010,Los Angeles County,CA,NA,NA,68.47372810675563
91202,Los Angeles County,CA,NA,NA,22.602168473728106
91301,Los Angeles County,CA,NA,NA,95.41284403669725
91321,Los Angeles County,CA,NA,NA,37.94829024186822
91343,Los Angeles County,CA,NA,NA,35.19599666388657
91344,Los Angeles County,CA,48.8,NA,NA
91364,Los Angeles County,CA,NA,NA,84.40366972477065
91381,Los Angeles County,CA,NA,NA,89.74145120934112
91401,Los Angeles County,CA,NA,31.70522707797772,NA
91402,Los Angeles County,CA,NA,33.933161953727506,NA
91406,Los Angeles County,CA,57.199999999999996,70.00856898029134,NA
91606,Los Angeles County,CA,NA,53.12767780634105,NA
91706,Los Angeles County,CA,26.8,NA,20.517097581317763
91710,San Bernardino County,CA,NA,NA,74.22852376980818
91744,Los Angeles County,CA,NA,NA,15.346121768140117
91746,Los Angeles County,CA,NA,NA,91.15929941618015
91773,Los Angeles County,CA,NA,NA,44.45371142618849
91789,Los Angeles County,CA,NA,NA,49.45788156797331
91932,San Diego County,CA,NA,81.40531276778063,NA
91977,San Diego County,CA,NA,NA,30.442035029190993
92020,San Diego County,CA,NA,NA,28.77397831526272
92024,San Diego County,CA,NA,NA,26.772310258548792
92027,San Diego County,CA,NA,76.6923736075407,42.45204336947456
92040,San Diego County,CA,NA,25.70694087403599,NA
92083,San Diego County,CA,NA,98.45758354755783,NA
92101,San Diego County,CA,NA,7.712082262210797,NA
92105,San Diego County,CA,NA,63.41045415595544,50.95913261050876
92114,San Diego County,CA,NA,26.906598114824337,NA
92117,San Diego County,CA,NA,NA,15.262718932443702
92122,San Diego County,CA,NA,NA,47.956630525437866
92128,San Diego County,CA,NA,76.94944301628107,NA
92210,Riverside County,CA,NA,77.54927163667523,NA
92211,Riverside County,CA,NA,NA,2.5020850708924103
92223,Riverside County,CA,NA,39.16023993144816,NA
92262,Riverside County,CA,NA,8.826049700085688,NA
92301,San Bernardino County,CA,NA,43.958868894601544,NA
92335,San Bernardino County,CA,NA,47.72922022279349,72.22685571309424
92345,San Bernardino County,CA,NA,13.281919451585262,NA
92359,San Bernardino County,CA,NA,NA,97.83152627189324
92376,San Bernardino County,CA,NA,48.67180805484148,NA
92392,San Bernardino County,CA,NA,NA,52.376980817347786
92395,San Bernardino County,CA,NA,85.34704370179949,NA
92411,San Bernardino County,CA,NA,71.97943444730078,NA
92508,Riverside County,CA,NA,72.49357326478149,NA
92551,Riverside County,CA,NA,73.52185089974293,NA
92563,Riverside County,CA,NA,NA,39.28273561301084
92583,Riverside County,CA,NA,NA,80.65054211843203
92646,Orange County,CA,NA,6.683804627249357,NA
92649,Orange County,CA,NA,NA,30.94245204336947
92651,Orange County,CA,NA,44.387317909168814,NA
92660,Orange County,CA,NA,89.54584404455869,10.008340283569641
92672,Orange County,CA,NA,80.89117395029992,NA
92675,Orange County,CA,NA,NA,82.56880733944955
92677,Orange County,CA,NA,NA,17.764804003336113
92679,Orange County,CA,NA,59.383033419023135,NA
92683,Orange County,CA,NA,18.42330762639246,3.669724770642202
92691,Orange County,CA,NA,20.565552699228792,NA
92806,Orange County,CA,NA,58.783204798628965,NA
92844,Orange County,CA,NA,NA,93.32777314428691
92879,Riverside County,CA,NA,81.66238217652099,NA
92880,Riverside County,CA,NA,NA,63.46955796497081
93030,Ventura County,CA,NA,NA,25.688073394495415
93230,Kings County,CA,NA,13.79605826906598,NA
93263,Kern County,CA,NA,88.08911739502999,NA
93274,Tulare County,CA,NA,NA,21.51793160967473
93306,Kern County,CA,NA,36.93230505569837,NA
93436,Santa Barbara County,CA,NA,14.138817480719796,NA
93455,Santa Barbara County,CA,NA,NA,43.45287739783152
93534,Los Angeles County,CA,41.199999999999996,NA,NA
93535,Los Angeles County,CA,38,NA,NA
93630,Fresno County,CA,NA,NA,98.66555462885738
93637,Madera County,CA,NA,NA,79.98331943286072
93657,Fresno County,CA,NA,42.41645244215938,NA
93701,Fresno County,CA,NA,NA,99.16597164303586
93711,Fresno County,CA,NA,NA,65.47122602168474
93923,Monterey County,CA,NA,56.21251071122536,NA
94010,San Mateo County,CA,NA,NA,7.422852376980818
94015,San Mateo County,CA,NA,80.20565552699229,NA
94027,San Mateo County,CA,NA,NA,97.581317764804
94043,Santa Clara County,CA,NA,NA,48.29024186822352
94061,San Mateo County,CA,NA,NA,67.22268557130943
94066,San Mateo County,CA,NA,8.740359897172237,NA
94080,San Mateo County,CA,NA,54.24164524421594,38.03169307756464
94085,Santa Clara County,CA,NA,NA,86.82235195996664
94087,Santa Clara County,CA,78.8,NA,NA
94089,Santa Clara County,CA,NA,NA,94.66221851542952
94102,San Francisco County,CA,10,NA,17.93160967472894
94109,San Francisco County,CA,NA,NA,45.03753127606338
94110,San Francisco County,CA,NA,68.63753213367609,NA
94112,San Francisco County,CA,NA,52.52784918594687,2.2518765638031693
94116,San Francisco County,CA,NA,NA,60.05004170141785
94121,San Francisco County,CA,NA,NA,8.340283569641366
94122,San Francisco County,CA,NA,NA,51.29274395329442
94124,San Francisco County,CA,NA,NA,46.538782318598834
94131,San Francisco County,CA,NA,NA,54.295246038365306
94132,San Francisco County,CA,NA,NA,82.23519599666389
94133,San Francisco County,CA,NA,NA,23.436196830692243
94134,San Francisco County,CA,NA,NA,24.854045037531275
94303,San Mateo County,CA,NA,28.10625535561268,75.14595496246872
94306,Santa Clara County,CA,NA,NA,50.37531276063386
94404,San Mateo County,CA,NA,43.53041988003427,NA
94501,Alameda County,CA,NA,NA,56.96413678065054
94503,Napa County,CA,NA,95.28706083976007,NA
94510,Solano County,CA,NA,84.66152527849185,65.13761467889908
94518,Contra Costa County,CA,NA,74.37874892887746,NA
94533,Solano County,CA,NA,NA,10.175145954962469
94536,Alameda County,CA,NA,20.99400171379606,NA
94538,Alameda County,CA,NA,73.95029991431021,69.14095079232693
94541,Alameda County,CA,NA,17.566409597257927,70.97581317764804
94542,Alameda County,CA,NA,93.7446443873179,NA
94544,Alameda County,CA,NA,10.539845758354756,NA
94545,Alameda County,CA,NA,66.66666666666666,NA
94549,Contra Costa County,CA,NA,NA,28.35696413678065
94553,Contra Costa County,CA,NA,85.00428449014568,NA
94558,Napa County,CA,34.8,5.484147386461012,NA
94560,Alameda County,CA,NA,75.57840616966581,NA
94561,Contra Costa County,CA,NA,NA,77.98165137614679
94565,Contra Costa County,CA,NA,55.52699228791774,NA
94568,Alameda County,CA,NA,NA,50.0417014178482
94571,Solano County,CA,NA,59.46872322193659,NA
94580,Alameda County,CA,94.8,NA,NA
94585,Solano County,CA,82,NA,NA
94587,Alameda County,CA,NA,21.079691516709513,10.508757297748124
94589,Solano County,CA,NA,87.91773778920309,NA
94590,Solano County,CA,NA,26.135389888603257,NA
94595,Contra Costa County,CA,NA,49.443016281062555,NA
94596,Contra Costa County,CA,NA,NA,92.07673060884069
94601,Alameda County,CA,NA,NA,97.08090075062552
94603,Alameda County,CA,NA,NA,66.72226855713093
94605,Alameda County,CA,NA,NA,28.940783986655543
94611,Alameda County,CA,NA,22.62210796915167,NA
94702,Alameda County,CA,NA,97.17223650385604,NA
94703,Alameda County,CA,NA,NA,80.90075062552127
94806,Contra Costa County,CA,NA,73.09340188517567,53.12760633861552
94901,Marin County,CA,NA,37.10368466152528,NA
94939,Marin County,CA,98.8,NA,NA
94947,Marin County,CA,NA,NA,61.217681401167646
95003,Santa Cruz County,CA,NA,NA,56.29691409507923
95014,Santa Clara County,CA,NA,NA,17.347789824854047
95023,San Benito County,CA,NA,NA,42.95246038365305
95032,Santa Clara County,CA,NA,NA,45.37114261884904
95051,Santa Clara County,CA,NA,NA,34.612176814011676
95065,Santa Cruz County,CA,NA,94.77292202227935,NA
95122,Santa Clara County,CA,NA,NA,70.39199332777314
95127,Santa Clara County,CA,NA,43.01628106255356,21.267723102585485
95138,Santa Clara County,CA,NA,NA,88.32360300250208
95148,Santa Clara County,CA,NA,41.131105398457585,NA
95206,San Joaquin County,CA,NA,NA,76.31359466221852
95210,San Joaquin County,CA,NA,NA,87.32276897414512
95242,San Joaquin County,CA,NA,NA,86.98915763135948
95327,Tuolumne County,CA,NA,55.86975149957155,NA
95336,San Joaquin County,CA,NA,NA,20.767306088407008
95355,Stanislaus County,CA,NA,NA,22.018348623853214
95386,Stanislaus County,CA,NA,NA,98.99916597164304
95401,Sonoma County,CA,NA,NA,70.7256046705588
95403,Sonoma County,CA,NA,NA,47.539616346955796
95405,Sonoma County,CA,NA,NA,65.97164303586321
95425,Sonoma County,CA,NA,NA,81.23436196830693
95470,Mendocino County,CA,NA,94.60154241645245,NA
95472,Sonoma County,CA,NA,56.46958011996573,NA
95482,Mendocino County,CA,NA,25.278491859468723,NA
95490,Mendocino County,CA,NA,NA,55.79649708090075
95603,Placer County,CA,NA,NA,24.27022518765638
95608,Sacramento County,CA,NA,NA,33.527939949958295
95610,Sacramento County,CA,NA,NA,39.11592994161801
95614,El Dorado County,CA,NA,97.42930591259639,NA
95616,Yolo County,CA,NA,63.067694944301635,NA
95621,Sacramento County,CA,74,67.78063410454156,NA
95624,Sacramento County,CA,94,NA,NA
95628,Sacramento County,CA,NA,38.903170522707796,21.3511259382819
95630,Sacramento County,CA,NA,50.21422450728363,NA
95640,Amador County,CA,NA,NA,90.07506255212677
95648,Placer County,CA,64.4,NA,55.54628857381151
95650,Placer County,CA,NA,79.52013710368466,NA
95658,Placer County,CA,NA,91.68808911739504,NA
95660,Sacramento County,CA,NA,NA,57.130942452043364
95667,El Dorado County,CA,NA,NA,10.758965804837365
95682,El Dorado County,CA,NA,NA,55.96330275229357
95687,Solano County,CA,NA,20.822622107969153,55.12927439532944
95688,Solano County,CA,NA,83.97600685518424,NA
95691,Yolo County,CA,NA,NA,93.41117597998331
95695,Yolo County,CA,NA,51.670951156812336,59.299416180150125
95726,El Dorado County,CA,NA,49.3573264781491,NA
95746,Placer County,CA,NA,71.46529562982005,NA
95762,El Dorado County,CA,NA,NA,90.15846538782318
95814,Sacramento County,CA,NA,NA,86.65554628857382
95822,Sacramento County,CA,NA,NA,18.34862385321101
95823,Sacramento County,CA,14.399999999999999,NA,61.13427856547122
95824,Sacramento County,CA,NA,NA,74.9791492910759
95825,Sacramento County,CA,NA,NA,35.446205170975816
95831,Sacramento County,CA,NA,NA,72.5604670558799
95946,Nevada County,CA,NA,65.12425021422452,NA
95949,Nevada County,CA,NA,47.81491002570694,NA
95969,Butte County,CA,NA,5.741216795201371,NA
95973,Butte County,CA,NA,NA,14.762301918265223
96150,El Dorado County,CA,NA,63.067694944301635,NA
80010,Arapahoe County,CO,22,NA,NA
80013,Arapahoe County,CO,12,NA,NA
80014,Arapahoe County,CO,NA,NA,6.0884070058381985
80023,Broomfield County,CO,NA,76.26392459297342,NA
80026,Boulder County,CO,NA,46.44387317909169,NA
80112,Arapahoe County,CO,NA,NA,79.48290241868223
80120,Arapahoe County,CO,NA,NA,94.99582985821517
80204,Denver County,CO,NA,60.582690659811476,NA
80205,Denver County,CO,NA,33.24764353041988,NA
80219,Denver County,CO,NA,21.59383033419023,NA
80221,Adams County,CO,NA,NA,54.8790658882402
80227,Jefferson County,CO,NA,NA,50.70892410341952
80302,Boulder County,CO,NA,NA,87.90658882402002
80401,Jefferson County,CO,NA,46.95801199657241,NA
80439,Jefferson County,CO,NA,78.40616966580977,NA
80501,Boulder County,CO,NA,52.784918594687234,NA
80504,Boulder County,CO,NA,24.07883461868038,NA
80537,Larimer County,CO,NA,NA,18.932443703085905
80631,Weld County,CO,NA,NA,79.64970809007507
80831,El Paso County,CO,NA,70.4370179948586,NA
80906,El Paso County,CO,NA,NA,77.14762301918266
80907,El Paso County,CO,NA,58.954584404455865,NA
80909,El Paso County,CO,NA,47.04370179948586,NA
80916,El Paso County,CO,40.8,NA,NA
80917,El Paso County,CO,NA,NA,52.293577981651374
80918,El Paso County,CO,NA,NA,36.69724770642202
80919,El Paso County,CO,NA,NA,75.22935779816514
80920,El Paso County,CO,NA,58.86889460154242,NA
81001,Pueblo County,CO,NA,41.730934018851755,NA
81003,Pueblo County,CO,NA,93.48757497857754,NA
81007,Pueblo County,CO,NA,NA,49.04086738949125
81050,Otero County,CO,NA,81.23393316195373,NA
81212,Fremont County,CO,NA,50.04284490145673,NA
06043,Tolland County,CT,NA,93.4018851756641,NA
06051,Hartford County,CT,4.8,NA,NA
06053,Hartford County,CT,NA,25.449871465295633,NA
06066,Tolland County,CT,NA,69.49443016281063,16.930775646371977
06071,Tolland County,CT,NA,NA,92.41034195162635
06082,Hartford County,CT,NA,12.253641816623821,NA
06095,Hartford County,CT,NA,28.877463581833762,NA
06098,Litchfield County,CT,85.6,NA,NA
06107,Hartford County,CT,NA,NA,48.123436196830696
06117,Hartford County,CT,NA,NA,32.443703085904914
06120,Hartford County,CT,NA,88.17480719794345,NA
06226,Windham County,CT,19.2,NA,NA
06234,Windham County,CT,NA,NA,77.31442869057548
06248,Tolland County,CT,NA,99.40017137960582,NA
06401,New Haven County,CT,66.8,NA,NA
06405,New Haven County,CT,NA,26.99228791773779,7.339449541284404
06419,Middlesex County,CT,NA,90.40274207369323,NA
06443,New Haven County,CT,NA,31.276778063410454,NA
06457,Middlesex County,CT,NA,NA,6.171809841534612
06460,New Haven County,CT,NA,14.56726649528706,NA
06473,New Haven County,CT,NA,30.848329048843187,NA
06475,Middlesex County,CT,NA,NA,43.95329441201001
06483,New Haven County,CT,NA,56.555269922879184,NA
06488,New Haven County,CT,NA,35.81833761782348,NA
06492,New Haven County,CT,NA,NA,4.0033361134278564
06604,Fairfield County,CT,NA,35.38988860325622,NA
06611,Fairfield County,CT,NA,NA,63.13594662218516
06704,New Haven County,CT,NA,NA,42.53544620517097
06708,New Haven County,CT,NA,66.92373607540702,NA
06791,Litchfield County,CT,NA,81.06255355612683,NA
06798,Litchfield County,CT,NA,NA,62.30191826522101
06850,Fairfield County,CT,72.8,NA,NA
19703,New Castle County,DE,NA,66.0668380462725,NA
19720,New Castle County,DE,3.5999999999999996,22.279348757497857,NA
19808,New Castle County,DE,NA,NA,30.94245204336947
19901,Kent County,DE,NA,17.39502999143102,NA
19930,Sussex County,DE,NA,NA,90.24186822351959
19940,Sussex County,DE,NA,NA,96.58048373644704
19947,Sussex County,DE,NA,70.86546700942587,NA
19966,Sussex County,DE,NA,NA,10.341951626355296
19970,Sussex County,DE,NA,NA,53.544620517097584
19971,Sussex County,DE,NA,NA,28.023352793994995
32034,Nassau County,FL,NA,NA,12.593828190158465
32073,Clay County,FL,NA,28.020565552699228,17.514595496246873
32080,St. Johns County,FL,NA,23.13624678663239,23.185988323603002
32081,St. Johns County,FL,NA,NA,70.55879899916597
32127,Volusia County,FL,NA,NA,22.351959966638866
32208,Duval County,FL,NA,4.541559554413025,NA
32209,Duval County,FL,NA,12.68209083119109,NA
32211,Duval County,FL,NA,NA,68.47372810675563
32216,Duval County,FL,NA,NA,24.68723936613845
32222,Duval County,FL,NA,78.57754927163667,NA
32225,Duval County,FL,NA,14.395886889460154,NA
32246,Duval County,FL,NA,NA,74.89574645537948
32344,Jefferson County,FL,NA,87.57497857754927,NA
32431,Jackson County,FL,NA,82.1765209940017,NA
32433,Walton County,FL,NA,70.95115681233933,NA
32459,Walton County,FL,NA,NA,85.57130942452044
32460,Jackson County,FL,NA,NA,99.4161801501251
32506,Escambia County,FL,NA,NA,81.90158465387823
32507,Escambia County,FL,NA,NA,12.01000834028357
32526,Escambia County,FL,NA,7.197943444730077,NA
32536,Okaloosa County,FL,NA,75.74978577549271,42.61884904086739
32547,Okaloosa County,FL,NA,50.8140531276778,NA
32566,Santa Rosa County,FL,NA,22.10796915167095,NA
32606,Alachua County,FL,37.6,NA,NA
32626,Levy County,FL,NA,NA,89.32443703085904
32640,Putnam County,FL,62.4,NA,NA
32641,Alachua County,FL,NA,55.78406169665809,NA
32701,Seminole County,FL,NA,88.34618680377035,NA
32725,Volusia County,FL,NA,NA,32.610508757297744
32754,Brevard County,FL,75.6,NA,NA
32757,Lake County,FL,NA,NA,66.4720600500417
32771,Seminole County,FL,NA,NA,69.72477064220183
32792,Orange County,FL,NA,45.84404455869752,NA
32796,Brevard County,FL,NA,27.335047129391604,NA
32817,Orange County,FL,NA,62.896315338474714,NA
32822,Orange County,FL,NA,NA,27.939949958298584
32903,Brevard County,FL,NA,NA,93.07756463719767
32907,Brevard County,FL,NA,NA,15.42952460383653
32926,Brevard County,FL,NA,NA,14.678899082568808
32935,Brevard County,FL,NA,73.43616109682948,NA
32940,Brevard County,FL,NA,75.83547557840618,50.54211843202668
32953,Brevard County,FL,NA,NA,12.260216847372812
32958,Indian River County,FL,NA,NA,4.170141784820683
33021,Broward County,FL,NA,NA,3.8365304420350292
33025,Broward County,FL,NA,51.499571550985436,NA
33027,Broward County,FL,43.6,NA,NA
33028,Broward County,FL,NA,80.03427592116537,NA
33032,Miami-Dade County,FL,NA,64.61011139674379,NA
33040,Monroe County,FL,NA,40.702656383890314,58.63219349457881
33055,Miami-Dade County,FL,NA,NA,14.845704753961636
33056,Miami-Dade County,FL,NA,NA,74.31192660550458
33063,Broward County,FL,45.6,NA,8.590492076730609
33067,Broward County,FL,NA,75.235646958012,NA
33069,Broward County,FL,NA,92.54498714652956,NA
33126,Miami-Dade County,FL,70,NA,NA
33134,Miami-Dade County,FL,NA,NA,26.35529608006672
33137,Miami-Dade County,FL,NA,95.20137103684661,NA
33138,Miami-Dade County,FL,NA,59.55441302485004,NA
33140,Miami-Dade County,FL,NA,65.72407883461868,NA
33162,Miami-Dade County,FL,62,NA,NA
33165,Miami-Dade County,FL,NA,NA,2.335279399499583
33175,Miami-Dade County,FL,NA,23.736075407026565,NA
33181,Miami-Dade County,FL,82.39999999999999,NA,NA
33196,Miami-Dade County,FL,NA,NA,46.538782318598834
33311,Broward County,FL,9.2,NA,NA
33314,Broward County,FL,NA,NA,94.91242702251877
33322,Broward County,FL,71.2,NA,NA
33328,Broward County,FL,NA,NA,38.94912427022519
33415,Palm Beach County,FL,NA,63.83890317052271,NA
33418,Palm Beach County,FL,81.2,NA,NA
33433,Palm Beach County,FL,NA,NA,13.17764804003336
33434,Palm Beach County,FL,NA,38.04627249357326,NA
33446,Palm Beach County,FL,NA,NA,21.017514595496248
33496,Palm Beach County,FL,NA,38.56041131105398,5.337781484570475
33543,Pasco County,FL,NA,58.09768637532133,NA
33576,Pasco County,FL,NA,98.62896315338475,NA
33609,Hillsborough County,FL,NA,55.09854327335047,NA
33701,Pinellas County,FL,NA,61.18251928020566,NA
33705,Pinellas County,FL,NA,NA,41.78482068390325
33707,Pinellas County,FL,NA,30.077120822622106,NA
33710,Pinellas County,FL,NA,NA,38.4487072560467
33712,Pinellas County,FL,38.800000000000004,NA,NA
33764,Pinellas County,FL,NA,NA,57.63135946622185
33765,Pinellas County,FL,NA,65.55269922879178,NA
33770,Pinellas County,FL,NA,NA,43.78648874061718
33778,Pinellas County,FL,NA,64.18166238217651,NA
33781,Pinellas County,FL,NA,NA,35.3628023352794
33785,Pinellas County,FL,NA,NA,95.07923269391159
33803,Polk County,FL,NA,55.012853470437015,NA
33908,Lee County,FL,NA,NA,6.58882402001668
33912,Lee County,FL,NA,NA,15.929941618015011
33913,Lee County,FL,NA,NA,44.78732276897415
33917,Lee County,FL,NA,17.823479005998287,NA
33928,Lee County,FL,NA,31.10539845758355,NA
33936,Lee County,FL,53.6,NA,NA
33950,Charlotte County,FL,NA,79.2630676949443,NA
33990,Lee County,FL,NA,70.26563838903171,NA
34104,Collier County,FL,NA,NA,41.201000834028356
34110,Collier County,FL,NA,NA,9.924937447873228
34221,Manatee County,FL,NA,26.563838903170524,NA
34228,Sarasota County,FL,NA,NA,38.61551292743953
34231,Sarasota County,FL,NA,NA,3.252710592160134
34234,Sarasota County,FL,NA,NA,37.1976647206005
34236,Sarasota County,FL,NA,NA,49.29107589658048
34237,Sarasota County,FL,NA,67.3521850899743,NA
34238,Sarasota County,FL,NA,NA,4.420350291909925
34288,Sarasota County,FL,NA,95.37275064267352,NA
34431,Marion County,FL,NA,83.54755784061697,NA
34432,Marion County,FL,88.8,NA,NA
34434,Citrus County,FL,NA,89.03170522707798,90.40867389491243
34436,Citrus County,FL,NA,77.97772065124249,NA
34442,Citrus County,FL,NA,81.8337617823479,NA
34481,Marion County,FL,NA,NA,9.007506255212677
34482,Marion County,FL,NA,NA,86.48874061718098
34491,Marion County,FL,NA,NA,18.59883236030025
34609,Hernando County,FL,NA,NA,17.764804003336113
34653,Pasco County,FL,NA,NA,10.842368640533778
34684,Pinellas County,FL,NA,11.053984575835475,61.46788990825688
34698,Pinellas County,FL,NA,21.336760925449873,NA
34711,Lake County,FL,NA,NA,45.20433694745621
34715,Lake County,FL,NA,98.02913453299057,NA
34744,Osceola County,FL,NA,36.3324764353042,NA
34746,Osceola County,FL,NA,44.81576692373608,NA
34758,Osceola County,FL,NA,NA,58.29858215179316
34772,Osceola County,FL,NA,NA,70.22518765638031
34952,St. Lucie County,FL,NA,7.02656383890317,NA
34953,St. Lucie County,FL,27.200000000000003,NA,NA
34957,Martin County,FL,54.400000000000006,NA,NA
34974,Okeechobee County,FL,NA,38.303341902313626,NA
34990,Martin County,FL,NA,24.33590402742074,21.184320266889074
30004,Fulton County,GA,NA,34.53299057412168,40.617180984153464
30013,Rockdale County,GA,NA,NA,83.23603002502085
30014,Newton County,GA,NA,NA,60.88407005838199
30016,Newton County,GA,NA,NA,46.205170975813175
30024,Gwinnett County,GA,NA,24.250214224507282,NA
30034,DeKalb County,GA,NA,22.707797772065124,NA
30040,Forsyth County,GA,NA,17.994858611825194,9.50792326939116
30041,Forsyth County,GA,NA,NA,16.09674728940784
30044,Gwinnett County,GA,NA,NA,41.284403669724774
30045,Gwinnett County,GA,NA,NA,85.73811509591326
30046,Gwinnett County,GA,NA,51.156812339331616,NA
30058,DeKalb County,GA,NA,NA,50.62552126772311
30062,Cobb County,GA,NA,NA,24.353628023352794
30075,Fulton County,GA,42,18.42330762639246,NA
30080,Cobb County,GA,NA,57.754927163667524,NA
30083,DeKalb County,GA,NA,31.362467866323907,NA
30087,DeKalb County,GA,NA,NA,28.607172643869895
30094,Rockdale County,GA,NA,30.248500428449017,NA
30097,Fulton County,GA,NA,NA,39.6163469557965
30101,Cobb County,GA,29.599999999999998,26.049700085689803,NA
30106,Cobb County,GA,NA,72.06512425021423,NA
30143,Pickens County,GA,NA,34.70437017994858,NA
30180,Carroll County,GA,25.2,NA,NA
30184,Bartow County,GA,NA,NA,93.99499582985823
30214,Fayette County,GA,58.4,NA,NA
30248,Henry County,GA,NA,NA,87.57297748123436
30253,Henry County,GA,NA,49.70008568980291,NA
30273,Clayton County,GA,NA,85.17566409597258,NA
30274,Clayton County,GA,NA,70.17994858611826,NA
30295,Pike County,GA,NA,NA,100
30307,DeKalb County,GA,NA,76.77806341045415,NA
30311,Fulton County,GA,NA,20.137103684661525,NA
30319,DeKalb County,GA,NA,53.64181662382177,NA
30337,Fulton County,GA,NA,NA,99.08256880733946
30339,Cobb County,GA,NA,97.34361610968296,NA
30461,Bulloch County,GA,NA,NA,75.97998331943286
30504,Hall County,GA,NA,90.23136246786633,NA
30506,Hall County,GA,NA,18.851756640959728,NA
30507,Hall County,GA,NA,NA,67.63969974979149
30513,Fannin County,GA,NA,68.20908311910883,NA
30519,Gwinnett County,GA,NA,31.619537275064268,NA
30523,Habersham County,GA,NA,71.89374464438731,56.46371976647207
30531,Habersham County,GA,NA,NA,67.63969974979149
30577,Stephens County,GA,50,65.03856041131105,NA
30605,Clarke County,GA,NA,50.04284490145673,NA
30622,Oconee County,GA,NA,87.23221936589546,82.65221017514595
30635,Elbert County,GA,NA,84.23307626392459,NA
30707,Walker County,GA,NA,NA,79.73311092577148
30721,Whitfield County,GA,NA,NA,41.117597998331945
30738,Dade County,GA,NA,97.51499571550985,NA
30747,Chattooga County,GA,NA,62.639245929734365,NA
30809,Columbia County,GA,NA,NA,26.855713094245203
30813,Columbia County,GA,NA,37.703513281919456,NA
30814,Columbia County,GA,NA,80.11996572407884,NA
30906,Richmond County,GA,NA,NA,66.38865721434529
30909,Richmond County,GA,NA,NA,57.130942452043364
31023,Dodge County,GA,NA,NA,76.73060884070058
31024,Putnam County,GA,NA,38.217652099400176,NA
31210,Bibb County,GA,NA,96.48671808054841,NA
31313,Liberty County,GA,NA,NA,82.06839032527105
31410,Chatham County,GA,NA,NA,84.57047539616347
31522,Glynn County,GA,NA,72.57926306769494,NA
31523,Glynn County,GA,NA,69.40874035989717,NA
31537,Charlton County,GA,NA,77.6349614395887,NA
31620,Cook County,GA,76.4,NA,94.82902418682235
31719,Sumter County,GA,NA,NA,98.24854045037532
31791,Worth County,GA,NA,NA,78.6488740617181
31807,Harris County,GA,NA,99.8286203941731,NA
31907,Muscogee County,GA,10.4,3.0848329048843186,76.2301918265221
31909,Muscogee County,GA,42.4,NA,NA
39819,Decatur County,GA,NA,NA,63.55296080066722
96701,Honolulu County,HI,NA,NA,38.28190158465388
96734,Honolulu County,HI,NA,NA,6.505421184320268
96738,Hawaii County,HI,93.60000000000001,NA,NA
96768,Maui County,HI,NA,86.03256212510712,NA
96815,Honolulu County,HI,NA,NA,17.097581317764803
96816,Honolulu County,HI,NA,NA,3.919933277731443
96818,Honolulu County,HI,NA,NA,28.523769808173476
96822,Honolulu County,HI,NA,53.213367609254504,NA
96825,Honolulu County,HI,NA,4.970008568980291,3.085904920767306
83445,Fremont County,ID,NA,NA,96.16346955796497
83605,Canyon County,ID,NA,82.69065981148243,NA
83617,Gem County,ID,NA,NA,29.357798165137616
83672,Washington County,ID,NA,NA,82.98582151793161
83686,Canyon County,ID,NA,NA,20.100083402835697
83687,Canyon County,ID,NA,16.36675235646958,86.07172643869892
83704,Ada County,ID,NA,3.1705227077977725,1.6680567139282736
83709,Ada County,ID,NA,NA,23.769808173477898
83714,Ada County,ID,NA,NA,9.424520433694745
83843,Latah County,ID,NA,52.09940017137961,NA
83854,Kootenai County,ID,NA,NA,14.261884904086738
83864,Bonner County,ID,NA,NA,76.39699749791492
60004,Cook County,IL,NA,NA,6.005004170141785
60007,Cook County,IL,NA,15.938303341902312,NA
60008,Cook County,IL,NA,NA,43.70308590492077
60010,Lake County,IL,NA,11.739502999143102,NA
60013,McHenry County,IL,NA,33.84747215081405,NA
60014,McHenry County,IL,NA,12.767780634104541,NA
60015,Lake County,IL,NA,25.278491859468723,NA
60025,Cook County,IL,NA,47.90059982862039,NA
60030,Lake County,IL,NA,23.479005998286205,NA
60044,Lake County,IL,NA,NA,57.38115095913261
60047,Lake County,IL,NA,NA,51.54295246038365
60056,Cook County,IL,NA,13.196229648671808,NA
60060,Lake County,IL,NA,13.110539845758353,NA
60062,Cook County,IL,NA,NA,59.883236030025024
60064,Lake County,IL,76.8,NA,NA
60067,Cook County,IL,NA,53.29905741216795,NA
60085,Lake County,IL,NA,NA,22.43536280233528
60093,Cook County,IL,NA,NA,20.85070892410342
60099,Lake County,IL,44.800000000000004,NA,NA
60107,Cook County,IL,NA,83.29048843187661,NA
60115,DeKalb County,IL,NA,NA,59.966638865721436
60120,Kane County,IL,NA,60.9254498714653,NA
60126,DuPage County,IL,NA,NA,47.87322768974145
60148,DuPage County,IL,NA,NA,8.090075062552128
60153,Cook County,IL,NA,NA,48.45704753961635
60156,McHenry County,IL,NA,55.955441302485006,NA
60160,Cook County,IL,NA,NA,42.28523769808174
60169,Cook County,IL,52,NA,NA
60175,Kane County,IL,NA,NA,33.77814845704754
60178,DeKalb County,IL,NA,45.672664952870605,49.20767306088407
60185,DuPage County,IL,NA,NA,45.120934111759794
60187,DuPage County,IL,NA,NA,33.361134278565466
60193,Cook County,IL,NA,7.883461868037704,NA
60202,Cook County,IL,NA,83.20479862896315,NA
60402,Cook County,IL,NA,7.626392459297343,NA
60403,Will County,IL,NA,NA,44.20350291909925
60404,Will County,IL,NA,40.102827763496144,NA
60416,Grundy County,IL,NA,70.69408740359897,NA
60432,Will County,IL,NA,NA,77.73144286905755
60450,Grundy County,IL,NA,79.86289631533847,NA
60453,Cook County,IL,NA,NA,27.606338615512925
60457,Cook County,IL,NA,86.88946015424165,NA
60462,Cook County,IL,29.599999999999998,NA,NA
60463,Cook County,IL,NA,NA,21.434528773978315
60464,Cook County,IL,NA,61.52527849185947,NA
60472,Cook County,IL,NA,NA,80.40033361134279
60481,Will County,IL,NA,94.08740359897172,NA
60491,Will County,IL,NA,76.86375321336762,NA
60516,DuPage County,IL,NA,NA,32.69391159299416
60517,DuPage County,IL,NA,32.390745501285345,NA
60525,Cook County,IL,NA,NA,10.091743119266056
60542,Kane County,IL,NA,57.2407883461868,83.4862385321101
60545,Kendall County,IL,NA,NA,87.07256046705588
60558,Cook County,IL,NA,NA,54.79566305254379
60561,DuPage County,IL,NA,NA,26.93911592994162
60617,Cook County,IL,NA,1.7137960582690661,NA
60618,Cook County,IL,57.99999999999999,NA,NA
60625,Cook County,IL,NA,11.99657240788346,NA
60626,Cook County,IL,NA,5.99828620394173,NA
60629,Cook County,IL,NA,NA,37.36447039199333
60630,Cook County,IL,NA,10.36846615252785,NA
60632,Cook County,IL,NA,NA,23.603002502085072
60634,Cook County,IL,12.4,NA,5.838198498748957
60638,Cook County,IL,NA,NA,3.586321934945788
60642,Cook County,IL,NA,88.94601542416453,NA
60643,Cook County,IL,NA,NA,5.5045871559633035
60646,Cook County,IL,NA,NA,75.0625521267723
60647,Cook County,IL,NA,71.12253641816623,NA
60651,Cook County,IL,NA,NA,11.509591326105086
60652,Cook County,IL,NA,23.90745501285347,NA
60653,Cook County,IL,NA,NA,24.103419516263553
60827,Cook County,IL,NA,NA,82.9024186822352
60901,Kankakee County,IL,NA,11.482433590402742,NA
60914,Kankakee County,IL,NA,71.3796058269066,NA
60954,Kankakee County,IL,77.2,NA,NA
61016,Winnebago County,IL,91.2,NA,NA
61032,Stephenson County,IL,NA,NA,62.46872393661385
61071,Whiteside County,IL,NA,NA,61.80150125104254
61072,Winnebago County,IL,NA,64.52442159383034,NA
61102,Winnebago County,IL,NA,NA,68.22351959966639
61108,Winnebago County,IL,NA,24.67866323907455,NA
61341,LaSalle County,IL,NA,NA,85.82151793160968
61350,LaSalle County,IL,NA,NA,59.79983319432861
61354,LaSalle County,IL,NA,49.52870608397601,NA
61401,Knox County,IL,NA,29.30591259640103,NA
61455,McDonough County,IL,NA,NA,30.525437864887405
61550,Tazewell County,IL,NA,NA,71.72643869891576
61604,Peoria County,IL,NA,NA,12.01000834028357
61704,McLean County,IL,NA,40.87403598971722,NA
61820,Champaign County,IL,NA,NA,69.55796497080901
61821,Champaign County,IL,NA,NA,8.673894912427023
61846,Vermilion County,IL,NA,NA,89.49124270225187
61938,Coles County,IL,NA,NA,27.773144286905755
62002,Madison County,IL,NA,52.613538988860334,NA
62025,Madison County,IL,NA,NA,21.851542952460385
62040,Madison County,IL,NA,7.969151670951156,13.261050875729774
62049,Montgomery County,IL,NA,NA,93.9115929941618
62095,Madison County,IL,NA,77.80634104541559,48.790658882402
62205,St. Clair County,IL,98.4,NA,NA
62206,St. Clair County,IL,NA,67.95201371036846,NA
62207,St. Clair County,IL,NA,80.63410454155957,NA
62223,St. Clair County,IL,NA,NA,45.954962468723934
62226,St. Clair County,IL,48,26.221079691516707,22.185154295246036
62232,St. Clair County,IL,NA,NA,81.7347789824854
62260,St. Clair County,IL,NA,NA,83.40283569641367
62298,Monroe County,IL,NA,61.18251928020566,NA
62521,Macon County,IL,NA,36.07540702656384,3.085904920767306
62626,Macoupin County,IL,NA,NA,72.81067556296914
62702,Sangamon County,IL,NA,NA,33.02752293577982
62704,Sangamon County,IL,NA,NA,10.42535446205171
62712,Sangamon County,IL,NA,NA,78.89908256880734
62812,Franklin County,IL,NA,NA,30.775646371976645
62821,White County,IL,NA,NA,97.16430358632194
62864,Jefferson County,IL,NA,NA,31.77648040033361
62960,Massac County,IL,NA,NA,46.121768140116764
46001,Madison County,IN,NA,58.69751499571551,NA
46012,Madison County,IN,NA,19.02313624678663,NA
46038,Hamilton County,IN,NA,50.8140531276778,56.63052543786489
46062,Hamilton County,IN,NA,15.766923736075409,41.70141784820684
46123,Hendricks County,IN,NA,NA,28.023352793994995
46143,Johnson County,IN,NA,NA,26.438698915763137
46158,Morgan County,IN,NA,27.59211653813196,NA
46163,Hancock County,IN,NA,64.78149100257069,NA
46184,Johnson County,IN,NA,NA,68.89074228523769
46201,Marion County,IN,NA,34.01885175664096,NA
46208,Marion County,IN,NA,NA,63.63636363636363
46214,Marion County,IN,NA,43.10197086546701,NA
46218,Marion County,IN,11.200000000000001,53.813196229648675,NA
46219,Marion County,IN,14.000000000000002,51.9280205655527,NA
46220,Marion County,IN,NA,43.61610968294773,NA
46222,Marion County,IN,23.599999999999998,NA,NA
46226,Marion County,IN,NA,NA,56.88073394495413
46228,Marion County,IN,95.19999999999999,NA,NA
46231,Marion County,IN,NA,NA,92.16013344453712
46237,Marion County,IN,NA,8.226221079691516,NA
46239,Marion County,IN,NA,NA,65.97164303586321
46240,Marion County,IN,NA,70.69408740359897,NA
46307,Lake County,IN,NA,1.113967437874893,NA
46320,Lake County,IN,NA,78.74892887746358,NA
46323,Lake County,IN,NA,NA,30.525437864887405
46349,Newton County,IN,NA,97.85775492716367,NA
46350,LaPorte County,IN,NA,6.083976006855185,NA
46368,Porter County,IN,NA,NA,10.258548790658882
46375,Lake County,IN,36,NA,NA
46406,Lake County,IN,67.60000000000001,NA,71.22602168473729
46514,Elkhart County,IN,NA,21.679520137103683,NA
46540,Elkhart County,IN,88,NA,NA
46544,St. Joseph County,IN,NA,53.72750642673522,NA
46552,St. Joseph County,IN,NA,93.48757497857754,NA
46563,Marshall County,IN,NA,23.307626392459298,NA
46614,St. Joseph County,IN,NA,NA,36.03002502085071
46615,St. Joseph County,IN,NA,71.80805484147386,NA
46711,Adams County,IN,NA,NA,71.72643869891576
46725,Whitley County,IN,NA,NA,77.4812343619683
46737,Steuben County,IN,NA,NA,58.465387823185985
46747,Steuben County,IN,NA,99.57155098543274,NA
46755,Noble County,IN,32.4,NA,NA
46901,Howard County,IN,2.4,NA,NA
46914,Miami County,IN,NA,99.48586118251927,NA
46923,Carroll County,IN,NA,99.14310197086547,NA
47111,Clark County,IN,NA,82.1765209940017,NA
47130,Clark County,IN,NA,29.13453299057412,29.02418682235196
47201,Bartholomew County,IN,NA,10.454155955441301,NA
47250,Jefferson County,IN,69.19999999999999,57.155098543273354,NA
47348,Blackford County,IN,NA,NA,46.9557964970809
47362,Henry County,IN,NA,NA,6.672226855713094
47374,Wayne County,IN,NA,NA,26.522101751459548
47408,Monroe County,IN,NA,92.1165381319623,NA
47454,Orange County,IN,NA,99.05741216795202,NA
47546,Dubois County,IN,NA,68.46615252784919,NA
47553,Martin County,IN,NA,NA,85.3211009174312
47601,Warrick County,IN,NA,40.01713796058269,NA
47630,Warrick County,IN,NA,22.536418166238217,NA
47711,Vanderburgh County,IN,NA,NA,15.095913261050875
47803,Vigo County,IN,64.8,NA,33.61134278565471
47805,Vigo County,IN,NA,72.8363324764353,NA
47807,Vigo County,IN,NA,76.34961439588689,NA
47872,Parke County,IN,90.8,NA,NA
47885,Vigo County,IN,83.2,NA,NA
47918,Fountain County,IN,NA,81.31962296486718,NA
47960,White County,IN,NA,83.80462724935732,NA
50003,Dallas County,IA,NA,NA,98.91576313594662
50047,Warren County,IA,NA,NA,99.49958298582152
50138,Marion County,IA,NA,NA,20.016680567139282
50213,Clarke County,IA,NA,NA,99.74979149291076
50263,Dallas County,IA,88.4,NA,NA
50322,Polk County,IA,NA,54.67009425878321,NA
50401,Cerro Gordo County,IA,NA,NA,0.9174311926605505
50613,Black Hawk County,IA,NA,43.27335047129392,NA
50703,Black Hawk County,IA,NA,64.01028277634961,NA
50801,Union County,IA,NA,50.6426735218509,NA
51201,O'Brien County,IA,NA,NA,56.7139282735613
51301,Clay County,IA,NA,NA,84.90408673894912
51501,Pottawattamie County,IA,4.3999999999999995,NA,NA
51503,Pottawattamie County,IA,NA,3.5989717223650386,NA
51555,Harrison County,IA,NA,99.91431019708654,NA
52001,Dubuque County,IA,NA,57.754927163667524,NA
52002,Dubuque County,IA,NA,82.86203941730935,NA
52402,Linn County,IA,NA,25.021422450728366,NA
52627,Lee County,IA,NA,42.759211653813196,NA
52641,Henry County,IA,NA,NA,50.0417014178482
52730,Clinton County,IA,92.4,NA,NA
52748,Scott County,IA,NA,NA,98.41534612176814
52772,Cedar County,IA,NA,NA,96.08006672226855
66048,Leavenworth County,KS,NA,43.78748928877464,NA
66049,Douglas County,KS,NA,35.30419880034275,NA
66209,Johnson County,KS,81.6,NA,NA
66212,Johnson County,KS,NA,13.367609254498714,NA
66215,Johnson County,KS,NA,40.531276778063415,NA
66503,Riley County,KS,NA,NA,91.65971643035863
66611,Shawnee County,KS,NA,93.14481576692374,NA
66762,Crawford County,KS,NA,48.329048843187664,NA
67037,Sedgwick County,KS,NA,81.91945158526136,NA
67060,Sedgwick County,KS,NA,NA,98.1651376146789
67203,Sedgwick County,KS,72,NA,NA
67213,Sedgwick County,KS,NA,NA,83.5696413678065
67735,Sherman County,KS,NA,NA,62.71893244370309
40071,Spencer County,KY,NA,88.4318766066838,87.1559633027523
40143,Breckinridge County,KY,NA,93.83033419023135,NA
40165,Bullitt County,KY,NA,15.167095115681233,44.62051709758132
40175,Hardin County,KY,NA,65.20994001713795,NA
40207,Jefferson County,KY,NA,NA,65.55462885738115
40214,Jefferson County,KY,NA,NA,85.15429524603837
40220,Jefferson County,KY,NA,NA,18.265221017514595
40272,Jefferson County,KY,NA,15.081405312767782,58.29858215179316
40291,Jefferson County,KY,NA,16.62382176520994,NA
40313,Rowan County,KY,NA,98.3718937446444,NA
40324,Scott County,KY,NA,22.022279348757497,NA
40336,Estill County,KY,NA,48.75749785775493,NA
40353,Montgomery County,KY,NA,29.734361610968296,NA
40361,Bourbon County,KY,NA,54.58440445586975,NA
40447,Jackson County,KY,NA,NA,91.57631359466222
40744,Laurel County,KY,65.2,NA,73.47789824854046
41005,Boone County,KY,NA,NA,81.31776480400333
41011,Kenton County,KY,NA,59.725792630676956,41.78482068390325
41015,Kenton County,KY,NA,NA,67.55629691409509
41017,Kenton County,KY,NA,19.53727506426735,NA
41018,Kenton County,KY,NA,25.535561268209083,NA
41042,Boone County,KY,NA,NA,2.585487906588824
41056,Mason County,KY,NA,62.125107112253644,NA
41101,Boyd County,KY,NA,17.223650385604113,15.763135946622187
41102,Boyd County,KY,NA,17.737789203084834,NA
41129,Boyd County,KY,80.4,NA,NA
41230,Lawrence County,KY,NA,42.245072836332476,NA
41858,Letcher County,KY,61.199999999999996,NA,NA
42001,McCracken County,KY,NA,19.622964867180805,NA
42029,Marshall County,KY,NA,86.37532133676092,NA
42240,Christian County,KY,NA,NA,20.350291909924938
42544,Pulaski County,KY,NA,NA,97.91492910758966
42553,Pulaski County,KY,NA,95.02999143101971,NA
42642,Russell County,KY,NA,86.28963153384748,NA
42718,Taylor County,KY,14.799999999999999,7.540702656383891,NA
70001,Jefferson Parish,LA,NA,NA,37.86488740617181
70002,Jefferson Parish,LA,NA,64.35304198800343,NA
70047,St. Charles Parish,LA,NA,64.78149100257069,NA
70056,Jefferson Parish,LA,NA,13.453299057412169,NA
70094,Jefferson Parish,LA,NA,13.881748071979436,NA
70122,Orleans Parish,LA,NA,NA,12.51042535446205
70126,Orleans Parish,LA,7.6,NA,52.960800667222685
70128,Orleans Parish,LA,NA,NA,93.82819015846539
70401,Tangipahoa Parish,LA,NA,NA,80.4837364470392
70427,Washington Parish,LA,NA,NA,59.63302752293578
70433,St. Tammany Parish,LA,NA,NA,24.02001668056714
70438,Washington Parish,LA,NA,12.339331619537274,NA
70452,St. Tammany Parish,LA,NA,32.13367609254499,NA
70461,St. Tammany Parish,LA,NA,NA,40.200166805671394
70560,Iberia Parish,LA,3.2,NA,27.022518765638033
70615,Calcasieu Parish,LA,NA,NA,87.7397831526272
70726,Livingston Parish,LA,NA,NA,17.6814011676397
70737,Ascension Parish,LA,NA,15.5955441302485,30.275229357798167
70739,East Baton Rouge Parish,LA,NA,62.724935732647815,NA
70754,Livingston Parish,LA,NA,NA,74.72894078398666
70806,East Baton Rouge Parish,LA,NA,35.90402742073693,NA
70809,East Baton Rouge Parish,LA,NA,NA,34.94578815679733
71111,Bossier Parish,LA,NA,11.825192802056556,NA
71203,Ouachita Parish,LA,NA,NA,87.40617180984154
71232,Richland Parish,LA,NA,NA,89.15763135946622
71291,Ouachita Parish,LA,NA,29.648671808054843,NA
71360,Rapides Parish,LA,NA,NA,84.65387823185988
71457,Natchitoches Parish,LA,8.4,NA,NA
04032,Cumberland County,ME,NA,95.88688946015425,NA
04102,Cumberland County,ME,NA,NA,57.2977481234362
04103,Cumberland County,ME,NA,21.422450728363323,11.426188490408675
04210,Androscoggin County,ME,NA,7.28363324764353,NA
04364,Kennebec County,ME,NA,82.34790059982862,NA
04743,Aroostook County,ME,NA,98.20051413881748,NA
04841,Knox County,ME,NA,NA,50.87572977481234
04950,Somerset County,ME,NA,69.58011996572408,NA
20602,Charles County,MD,NA,96.74378748928878,NA
20646,Charles County,MD,NA,80.5484147386461,NA
20650,St. Mary's County,MD,NA,NA,64.47039199332777
20678,Calvert County,MD,NA,NA,93.66138448707257
20711,Anne Arundel County,MD,88.8,NA,NA
20744,Prince George's County,MD,NA,36.760925449871465,NA
20747,Prince George's County,MD,NA,58.01199657240789,NA
20769,Prince George's County,MD,NA,NA,98.7489574645538
20774,Prince George's County,MD,NA,39.67437874892888,NA
20794,Howard County,MD,NA,89.97429305912597,NA
20895,Montgomery County,MD,NA,NA,67.30608840700583
20904,Montgomery County,MD,NA,47.21508140531277,16.847372810675562
21015,Harford County,MD,NA,NA,48.70725604670559
21048,Carroll County,MD,NA,84.83290488431876,NA
21061,Anne Arundel County,MD,NA,NA,18.932443703085905
21078,Harford County,MD,NA,NA,85.65471226021685
21111,Baltimore County,MD,95.6,NA,NA
21144,Anne Arundel County,MD,NA,54.15595544130248,NA
21158,Carroll County,MD,NA,NA,73.7281067556297
21202,Baltimore city,MD,46.400000000000006,NA,NA
21206,Baltimore city,MD,NA,9.682947729220222,NA
21208,Baltimore County,MD,NA,32.21936589545844,NA
21217,Baltimore city,MD,NA,16.195372750642672,NA
21218,Baltimore city,MD,NA,NA,62.2185154295246
21225,Baltimore city,MD,NA,84.91859468723221,NA
21229,Baltimore city,MD,NA,19.108826049700088,NA
21230,Baltimore city,MD,38.800000000000004,NA,NA
21234,Baltimore County,MD,NA,35.732647814910024,3.419516263552961
21237,Baltimore County,MD,NA,50.38560411311054,NA
21239,Baltimore city,MD,68.4,NA,NA
21502,Allegany County,MD,NA,69.9228791773779,4.670558798999166
21550,Garrett County,MD,NA,NA,12.760633861551293
21601,Talbot County,MD,NA,72.92202227934875,NA
21769,Frederick County,MD,NA,NA,98.33194328607172
21776,Carroll County,MD,NA,NA,99.66638865721434
21811,Worcester County,MD,NA,NA,51.70975813177648
21875,Wicomico County,MD,NA,NA,88.90742285237698
21921,Cecil County,MD,NA,NA,69.05754795663053
01028,Hampden County,MA,NA,58.5261353898886,NA
01056,Hampden County,MA,NA,35.38988860325622,NA
01057,Hampden County,MA,NA,74.80719794344472,NA
01075,Hampshire County,MA,NA,NA,41.534612176814015
01085,Hampden County,MA,NA,1.5424164524421593,NA
01095,Hampden County,MA,NA,92.63067694944301,11.34278565471226
01220,Berkshire County,MA,NA,84.14738646101114,NA
01267,Berkshire County,MA,NA,67.95201371036846,NA
01376,Franklin County,MA,NA,87.48928877463582,NA
01453,Worcester County,MA,NA,0.17137960582690662,NA
01504,Worcester County,MA,NA,79.00599828620393,NA
01527,Worcester County,MA,NA,26.649528706083974,NA
01540,Worcester County,MA,NA,NA,95.7464553794829
01550,Worcester County,MA,NA,2.827763496143959,NA
01571,Worcester County,MA,NA,57.66923736075407,NA
01583,Worcester County,MA,NA,NA,90.74228523769808
01602,Worcester County,MA,NA,19.365895458440445,NA
01604,Worcester County,MA,NA,1.371036846615253,NA
01701,Middlesex County,MA,NA,NA,5.67139282735613
01730,Middlesex County,MA,NA,NA,13.094245204336946
01742,Middlesex County,MA,NA,68.38046272493573,NA
01760,Middlesex County,MA,NA,NA,6.255212677231025
01773,Middlesex County,MA,NA,NA,73.31109257714762
01801,Middlesex County,MA,NA,NA,1.0008340283569641
01810,Essex County,MA,NA,NA,49.62468723936614
01821,Middlesex County,MA,7.199999999999999,NA,NA
01826,Middlesex County,MA,NA,NA,15.59633027522936
01830,Essex County,MA,NA,NA,31.94328607172644
01832,Essex County,MA,NA,8.31191088260497,NA
01845,Essex County,MA,NA,42.673521850899746,NA
01852,Middlesex County,MA,0,0.6855184233076265,NA
01876,Middlesex County,MA,NA,1.970865467009426,NA
01902,Essex County,MA,NA,54.413024850042845,NA
01904,Essex County,MA,NA,NA,23.936613844870724
01906,Essex County,MA,NA,NA,4.5037531276063385
01938,Essex County,MA,50.8,NA,NA
01960,Essex County,MA,NA,NA,1.7514595496246872
01970,Essex County,MA,NA,NA,4.920767306088407
02050,Plymouth County,MA,NA,23.65038560411311,NA
02061,Plymouth County,MA,NA,85.8611825192802,NA
02062,Norfolk County,MA,NA,9.168808911739502,NA
02072,Norfolk County,MA,NA,6.426735218508997,NA
02111,Suffolk County,MA,61.6,NA,NA
02116,Suffolk County,MA,NA,2.9134532990574122,NA
02119,Suffolk County,MA,NA,NA,40.53377814845705
02120,Suffolk County,MA,NA,67.5235646958012,NA
02125,Suffolk County,MA,NA,0.34275921165381323,NA
02127,Suffolk County,MA,NA,6.169665809768637,NA
02136,Suffolk County,MA,NA,NA,4.587155963302752
02139,Middlesex County,MA,NA,2.056555269922879,NA
02141,Middlesex County,MA,33.2,NA,NA
02151,Suffolk County,MA,NA,NA,0.25020850708924103
02152,Suffolk County,MA,NA,NA,6.33861551292744
02155,Middlesex County,MA,20.4,0.2570694087403599,0.5004170141784821
02180,Middlesex County,MA,NA,NA,7.839866555462886
02188,Norfolk County,MA,NA,NA,87.90658882402002
02301,Plymouth County,MA,0.8,NA,NA
02324,Plymouth County,MA,13.200000000000001,NA,NA
02360,Plymouth County,MA,NA,0,0.8340283569641368
02458,Middlesex County,MA,NA,44.90145672664953,NA
02476,Middlesex County,MA,NA,NA,69.39115929941619
02493,Middlesex County,MA,NA,NA,51.959966638865716
02536,Barnstable County,MA,24.4,NA,9.674728940783988
02563,Barnstable County,MA,NA,NA,80.98415346121767
02568,Dukes County,MA,NA,40.27420736932305,NA
02631,Barnstable County,MA,NA,NA,35.19599666388657
02649,Barnstable County,MA,NA,26.392459297343617,51.45954962468724
02675,Barnstable County,MA,NA,NA,42.201834862385326
02721,Bristol County,MA,NA,NA,84.07005838198499
02724,Bristol County,MA,NA,4.284490145672665,NA
02740,Bristol County,MA,NA,NA,0.16680567139282734
02764,Bristol County,MA,NA,95.45844044558697,NA
02770,Plymouth County,MA,92.80000000000001,NA,NA
48001,St. Clair County,MI,NA,67.26649528706083,NA
48009,Oakland County,MI,NA,59.21165381319623,NA
48033,Oakland County,MI,NA,NA,18.015012510425354
48034,Oakland County,MI,NA,50.556983718937445,NA
48045,Macomb County,MI,NA,47.98628963153384,NA
48054,St. Clair County,MI,NA,NA,62.71893244370309
48073,Oakland County,MI,NA,NA,75.5629691409508
48074,St. Clair County,MI,NA,67.09511568123393,NA
48081,Macomb County,MI,NA,NA,11.759799833194329
48083,Oakland County,MI,82.8,NA,NA
48088,Macomb County,MI,NA,NA,16.263552960800666
48091,Macomb County,MI,52.400000000000006,NA,39.53294412010008
48097,St. Clair County,MI,NA,NA,89.40783986655546
48101,Wayne County,MI,NA,NA,18.181818181818183
48105,Washtenaw County,MI,NA,46.615252784918596,NA
48111,Wayne County,MI,NA,NA,22.68557130942452
48114,Livingston County,MI,57.599999999999994,NA,NA
48116,Livingston County,MI,NA,NA,8.17347789824854
48122,Wayne County,MI,NA,NA,84.98748957464554
48127,Wayne County,MI,NA,18.251928020565554,5.254378648874062
48128,Wayne County,MI,NA,NA,72.64386989157632
48134,Wayne County,MI,32.800000000000004,NA,NA
48135,Wayne County,MI,59.599999999999994,NA,NA
48150,Wayne County,MI,90.4,NA,NA
48160,Washtenaw County,MI,NA,NA,55.87989991659717
48162,Monroe County,MI,NA,NA,10.925771476230192
48176,Washtenaw County,MI,NA,NA,19.683069224353627
48178,Oakland County,MI,NA,10.968294772922023,NA
48180,Wayne County,MI,NA,1.2853470437017995,NA
48182,Monroe County,MI,NA,39.76006855184233,NA
48183,Wayne County,MI,NA,4.712939160239932,7.756463719766472
48185,Wayne County,MI,NA,32.56212510711226,NA
48187,Wayne County,MI,NA,1.8851756640959727,NA
48198,Washtenaw County,MI,NA,11.311053984575835,20.266889074228526
48202,Wayne County,MI,NA,38.73179091688089,NA
48206,Wayne County,MI,31.6,NA,NA
48207,Wayne County,MI,22.400000000000002,NA,13.344453711426189
48209,Wayne County,MI,NA,76.52099400171379,NA
48217,Wayne County,MI,NA,NA,64.80400333611342
48219,Wayne County,MI,NA,NA,10.592160133444537
48221,Wayne County,MI,NA,4.370179948586118,NA
48223,Wayne County,MI,NA,NA,53.377814845704755
48225,Wayne County,MI,NA,61.78234790059983,NA
48234,Wayne County,MI,NA,13.624678663239074,NA
48235,Wayne County,MI,NA,21.50814053127678,7.923269391159299
48236,Wayne County,MI,NA,11.91088260497001,NA
48237,Oakland County,MI,NA,NA,25.771476230191826
48239,Wayne County,MI,NA,NA,36.53044203502919
48301,Oakland County,MI,NA,NA,42.28523769808174
48304,Oakland County,MI,NA,NA,22.51876563803169
48309,Oakland County,MI,NA,NA,19.76647206005004
48315,Macomb County,MI,NA,17.652099400171377,NA
48322,Oakland County,MI,NA,NA,2.835696413678065
48327,Oakland County,MI,NA,NA,45.287739783152624
48328,Oakland County,MI,NA,NA,31.609674728940785
48334,Oakland County,MI,NA,NA,36.28023352793995
48335,Oakland County,MI,NA,48.928877463581834,NA
48375,Oakland County,MI,56.00000000000001,NA,76.64720600500416
48386,Oakland County,MI,NA,40.3598971722365,NA
48390,Oakland County,MI,NA,34.53299057412168,33.444537114261884
48413,Huron County,MI,NA,49.10025706940874,NA
48423,Genesee County,MI,NA,NA,35.696413678065056
48430,Genesee County,MI,NA,NA,17.431192660550458
48532,Genesee County,MI,NA,NA,75.39616346955796
48603,Saginaw County,MI,NA,NA,6.922435362802336
48604,Saginaw County,MI,NA,NA,70.05838198498749
48612,Gladwin County,MI,NA,NA,95.16263552960801
48623,Saginaw County,MI,NA,46.101113967437875,NA
48624,Gladwin County,MI,NA,NA,18.09841534612177
48640,Midland County,MI,NA,64.69580119965724,NA
48656,Roscommon County,MI,NA,83.71893744644387,92.16013344453712
48706,Bay County,MI,NA,12.853470437017995,2.0850708924103416
48723,Tuscola County,MI,NA,NA,39.0325271059216
48746,Tuscola County,MI,NA,89.63153384747216,NA
48756,Ogemaw County,MI,NA,77.20651242502143,NA
48813,Eaton County,MI,NA,15.85261353898886,NA
48820,Clinton County,MI,NA,91.9451585261354,NA
48842,Ingham County,MI,NA,NA,52.877397831526274
48843,Livingston County,MI,NA,3.6846615252784916,NA
48888,Montcalm County,MI,NA,77.29220222793488,NA
48911,Ingham County,MI,NA,NA,23.436196830692243
48917,Eaton County,MI,NA,6.426735218508997,NA
49001,Kalamazoo County,MI,NA,52.95629820051414,NA
49002,Kalamazoo County,MI,NA,29.562982005141386,NA
49008,Kalamazoo County,MI,NA,48.0719794344473,NA
49009,Kalamazoo County,MI,NA,NA,9.591326105087573
49022,Berrien County,MI,11.600000000000001,NA,NA
49047,Cass County,MI,NA,28.70608397600686,NA
49065,Van Buren County,MI,NA,NA,80.15012510425355
49091,St. Joseph County,MI,NA,NA,43.8698915763136
49103,Berrien County,MI,86.4,NA,NA
49112,Cass County,MI,87.6,NA,NA
49203,Jackson County,MI,NA,5.912596401028278,5.421184320266889
49221,Lenawee County,MI,NA,NA,5.004170141784821
49240,Jackson County,MI,NA,55.18423307626392,NA
49269,Jackson County,MI,NA,92.88774635818338,NA
49286,Lenawee County,MI,NA,44.13024850042845,37.53127606338615
49301,Kent County,MI,NA,64.9528706083976,67.13928273561301
49307,Mecosta County,MI,NA,NA,71.72643869891576
49316,Kent County,MI,55.2,NA,NA
49321,Kent County,MI,60.8,NA,NA
49327,Newaygo County,MI,NA,90.91688089117395,NA
49332,Mecosta County,MI,NA,85.8611825192802,90.57547956630525
49337,Newaygo County,MI,NA,56.21251071122536,NA
49348,Allegan County,MI,NA,76.52099400171379,NA
49349,Newaygo County,MI,NA,NA,79.06588824020017
49417,Ottawa County,MI,NA,NA,11.092577147623018
49426,Ottawa County,MI,NA,NA,19.26605504587156
49428,Ottawa County,MI,NA,NA,11.175979983319433
49456,Ottawa County,MI,NA,60.23993144815767,NA
49505,Kent County,MI,NA,NA,13.678065054211844
49508,Kent County,MI,NA,NA,35.613010842368645
49519,Kent County,MI,NA,28.36332476435304,NA
49546,Kent County,MI,NA,NA,9.257714762301918
49548,Kent County,MI,NA,NA,29.608006672226857
49631,Osceola County,MI,NA,NA,92.91075896580485
49684,Grand Traverse County,MI,NA,26.47814910025707,NA
49735,Otsego County,MI,36.4,17.480719794344473,20.934111759799833
49765,Presque Isle County,MI,NA,NA,91.07589658048374
49837,Delta County,MI,NA,88.77463581833763,NA
49855,Marquette County,MI,NA,90.74550128534705,NA
49920,Iron County,MI,NA,NA,95.99666388657214
49938,Gogebic County,MI,NA,46.7866323907455,NA
55011,Anoka County,MN,NA,NA,96.83069224353628
55033,Dakota County,MN,34,NA,NA
55038,Washington County,MN,NA,NA,73.31109257714762
55044,Dakota County,MN,NA,57.92630676949443,NA
55060,Steele County,MN,NA,29.391602399314483,NA
55075,Dakota County,MN,NA,NA,67.47289407839867
55076,Dakota County,MN,63.2,NA,NA
55105,Ramsey County,MN,NA,NA,70.89241034195163
55106,Ramsey County,MN,NA,NA,45.45454545454545
55112,Ramsey County,MN,NA,59.297343616109686,14.178482068390325
55119,Ramsey County,MN,47.199999999999996,NA,NA
55125,Washington County,MN,44.4,NA,NA
55126,Ramsey County,MN,NA,NA,55.37948290241869
55303,Anoka County,MN,NA,NA,68.80733944954129
55304,Anoka County,MN,NA,73.00771208226222,NA
55337,Dakota County,MN,NA,NA,25.771476230191826
55343,Hennepin County,MN,NA,38.64610111396744,NA
55344,Hennepin County,MN,89.60000000000001,NA,NA
55346,Hennepin County,MN,NA,NA,71.3094245204337
55350,McLeod County,MN,NA,62.81062553556127,NA
55352,Scott County,MN,NA,NA,97.41451209341118
55355,Meeker County,MN,NA,NA,65.8882402001668
55364,Hennepin County,MN,NA,NA,72.89407839866556
55376,Wright County,MN,NA,87.146529562982,NA
55403,Hennepin County,MN,24.8,NA,NA
55407,Hennepin County,MN,NA,4.627249357326478,NA
55410,Hennepin County,MN,NA,NA,96.49708090075062
55413,Hennepin County,MN,NA,NA,80.31693077564637
55418,Hennepin County,MN,NA,NA,45.954962468723934
55437,Hennepin County,MN,NA,NA,52.12677231025855
55438,Hennepin County,MN,NA,NA,52.543786488740615
55439,Hennepin County,MN,NA,90.23136246786633,NA
55441,Hennepin County,MN,NA,NA,68.30692243536281
55448,Anoka County,MN,NA,NA,79.56630525437865
55449,Anoka County,MN,NA,67.43787489288775,NA
55803,St. Louis County,MN,NA,NA,29.441201000834027
55804,St. Louis County,MN,NA,NA,18.682235195996665
55904,Olmsted County,MN,NA,NA,31.526271893244374
55987,Winona County,MN,NA,2.6563838903170525,47.78982485404504
56001,Blue Earth County,MN,NA,33.67609254498715,NA
56093,Waseca County,MN,NA,NA,21.100917431192663
56156,Rock County,MN,NA,NA,31.609674728940785
56187,Nobles County,MN,NA,69.1516709511568,NA
56304,Sherburne County,MN,NA,80.3770351328192,NA
56308,Douglas County,MN,NA,9.940017137960583,NA
56470,Hubbard County,MN,NA,35.56126820908312,33.19432860717264
56472,Crow Wing County,MN,NA,NA,79.232693911593
56482,Wadena County,MN,NA,NA,64.55379482902418
56560,Clay County,MN,NA,44.64438731790917,NA
56573,Otter Tail County,MN,NA,NA,62.05170975813178
56601,Beltrami County,MN,NA,0.7712082262210797,NA
56621,Clearwater County,MN,NA,92.03084832904884,NA
56721,Polk County,MN,NA,NA,78.56547122602169
38618,Tate County,MS,NA,65.89545844044558,NA
38851,Chickasaw County,MS,NA,97.77206512425022,NA
38866,Lee County,MS,NA,NA,88.15679733110926
38901,Grenada County,MS,NA,NA,37.1976647206005
39046,Madison County,MS,NA,52.09940017137961,NA
39047,Rankin County,MS,NA,39.41730934018852,NA
39154,Hinds County,MS,NA,87.06083976006855,NA
39183,Warren County,MS,NA,NA,73.89491242702252
39194,Yazoo County,MS,NA,94.94430162810626,NA
39211,Hinds County,MS,NA,NA,34.02835696413678
39345,Newton County,MS,NA,88.86032562125106,86.48874061718098
39452,George County,MS,74.8,NA,29.274395329441198
39470,Pearl River County,MS,NA,NA,59.04920767306089
39507,Harrison County,MS,NA,NA,8.006672226855713
39525,Hancock County,MS,NA,50.29991431019709,NA
39532,Harrison County,MS,NA,17.052270779777206,48.29024186822352
39574,Harrison County,MS,NA,NA,96.99749791492911
39652,Pike County,MS,73.6,NA,NA
39702,Lowndes County,MS,NA,77.89203084832906,46.205170975813175
63011,St. Louis County,MO,NA,16.28106255355613,NA
63021,St. Louis County,MO,NA,39.93144815766924,5.67139282735613
63031,St. Louis County,MO,NA,9.425878320479864,NA
63033,St. Louis County,MO,NA,NA,30.35863219349458
63034,St. Louis County,MO,NA,NA,49.12427022518766
63042,St. Louis County,MO,NA,37.18937446443873,NA
63074,St. Louis County,MO,NA,49.78577549271637,NA
63104,St. Louis city,MO,NA,87.74635818337619,NA
63109,St. Louis city,MO,NA,84.4044558697515,NA
63121,St. Louis County,MO,33.6,NA,44.70391993327773
63122,St. Louis County,MO,NA,NA,76.8974145120934
63123,St. Louis County,MO,NA,NA,1.9182652210175146
63129,St. Louis County,MO,NA,NA,6.422018348623854
63135,St. Louis County,MO,34.4,NA,NA
63137,St. Louis County,MO,41.6,NA,NA
63334,Pike County,MO,NA,86.11825192802056,NA
63348,St. Charles County,MO,NA,74.63581833761782,NA
63385,St. Charles County,MO,NA,10.711225364181661,NA
63389,Lincoln County,MO,87.2,NA,92.74395329441201
63640,St. Francois County,MO,43.2,NA,32.27689741451209
63701,Cape Girardeau County,MO,NA,NA,19.182652210175146
63775,Perry County,MO,39.6,NA,NA
63841,Stoddard County,MO,NA,NA,56.54712260216848
63901,Butler County,MO,15.6,NA,32.11009174311927
64068,Clay County,MO,NA,NA,32.36030025020851
64083,Cass County,MO,NA,NA,75.89658048373644
64108,Jackson County,MO,62.8,NA,NA
64111,Jackson County,MO,NA,44.13024850042845,NA
64113,Jackson County,MO,NA,61.18251928020566,NA
64114,Jackson County,MO,NA,NA,63.05254378648875
64116,Clay County,MO,NA,72.23650385604114,NA
64119,Clay County,MO,NA,19.451585261353898,NA
64123,Jackson County,MO,NA,96.31533847472151,NA
64132,Jackson County,MO,49.6,NA,NA
64133,Jackson County,MO,6,NA,NA
64138,Jackson County,MO,NA,NA,62.88573811509591
64151,Platte County,MO,79.60000000000001,NA,NA
64454,Clinton County,MO,NA,98.88603256212511,NA
64468,Nodaway County,MO,NA,NA,54.21184320266889
64506,Buchanan County,MO,55.60000000000001,33.41902313624679,NA
64683,Grundy County,MO,NA,NA,56.13010842368641
64730,Bates County,MO,NA,66.15252784918594,NA
64735,Henry County,MO,NA,NA,34.195162635529606
64747,Cass County,MO,NA,99.65724078834619,NA
64801,Jasper County,MO,46.800000000000004,46.01542416452442,NA
64804,Jasper County,MO,NA,36.58954584404456,NA
64836,Jasper County,MO,21.6,NA,NA
64870,Jasper County,MO,NA,NA,65.30442035029192
65202,Boone County,MO,NA,NA,11.843202668890743
65301,Pettis County,MO,24,NA,NA
65401,Phelps County,MO,NA,84.74721508140532,NA
65560,Dent County,MO,NA,48.414738646101114,NA
65565,Crawford County,MO,NA,NA,97.33110925771477
65656,Stone County,MO,NA,NA,99.24937447873228
65714,Christian County,MO,NA,NA,36.78065054211843
65738,Greene County,MO,NA,76.43530419880035,68.64053377814847
65775,Howell County,MO,NA,NA,45.78815679733111
65781,Greene County,MO,NA,NA,88.07339449541286
65803,Greene County,MO,40.400000000000006,NA,NA
65804,Greene County,MO,NA,NA,11.676396997497914
65807,Greene County,MO,NA,NA,5.170975813177648
59047,Park County,MT,NA,93.65895458440446,NA
59072,Musselshell County,MT,100,NA,NA
59401,Cascade County,MT,NA,NA,33.61134278565471
59404,Cascade County,MT,48.4,8.654670094258783,9.090909090909092
59808,Missoula County,MT,NA,82.51928020565553,NA
59901,Flathead County,MT,NA,2.3993144815766922,23.269391159299417
59911,Flathead County,MT,NA,NA,89.0742285237698
59912,Flathead County,MT,NA,53.89888603256212,89.6580483736447
68046,Sarpy County,NE,NA,68.9802913453299,NA
68104,Douglas County,NE,NA,66.49528706083976,NA
68107,Douglas County,NE,NA,NA,61.38448707256047
68111,Douglas County,NE,NA,NA,54.54545454545454
68124,Douglas County,NE,NA,NA,60.3836530442035
68137,Douglas County,NE,NA,45.158526135389884,NA
68144,Douglas County,NE,NA,NA,37.61467889908257
68154,Douglas County,NE,NA,NA,52.71059216013344
68522,Lancaster County,NE,NA,NA,90.49207673060884
68601,Platte County,NE,NA,NA,49.79149291075897
68845,Buffalo County,NE,NA,61.43958868894601,NA
68949,Phelps County,NE,NA,NA,84.23686405337781
69153,Keith County,NE,NA,NA,70.64220183486239
69337,Dawes County,NE,NA,NA,83.73644703919933
89102,Clark County,NV,NA,75.921165381319625,NA
89110,Clark County,NV,NA,NA,58.798999165971644
89129,Clark County,NV,NA,37.874892887746356,NA
89147,Clark County,NV,NA,77.6349614395887,NA
89183,Clark County,NV,NA,79.34875749785776,83.73644703919933
89436,Washoe County,NV,NA,9.597257926306769,NA
89445,Humboldt County,NV,NA,77.37789203084833,NA
89508,Washoe County,NV,NA,NA,78.81567973311093
89509,Washoe County,NV,NA,42.07369323050557,NA
89511,Washoe County,NV,NA,26.735218508997427,NA
89523,Washoe County,NV,NA,29.477292202227932,NA
89701,Carson City,NV,NA,41.816623821765205,NA
89801,Elko County,NV,NA,NA,79.73311092577148
03031,Hillsborough County,NH,NA,62.2107969151671,NA
03038,Rockingham County,NH,NA,NA,20.43369474562135
03045,Hillsborough County,NH,NA,NA,58.965804837364466
03053,Rockingham County,NH,NA,NA,66.80567139282736
03055,Hillsborough County,NH,NA,76.00685518423307,39.28273561301084
03062,Hillsborough County,NH,21.2,NA,NA
03079,Rockingham County,NH,NA,16.452442159383033,NA
03103,Hillsborough County,NH,NA,79.94858611825192,NA
03104,Hillsborough County,NH,NA,11.568123393316196,NA
03222,Grafton County,NH,NA,NA,91.65971643035863
03235,Merrimack County,NH,NA,65.63838903170523,NA
03253,Belknap County,NH,NA,68.72322193658955,NA
03431,Cheshire County,NH,NA,NA,29.941618015012512
03446,Cheshire County,NH,NA,82.86203941730935,NA
03820,Strafford County,NH,NA,69.32305055698372,NA
03833,Rockingham County,NH,NA,NA,26.605504587155966
03835,Strafford County,NH,NA,NA,81.65137614678899
03842,Rockingham County,NH,NA,NA,60.133444537114265
03867,Strafford County,NH,NA,NA,3.336113427856547
03885,Rockingham County,NH,NA,90.8311910882605,NA
07002,Hudson County,NJ,NA,1.6281062553556127,NA
07003,Essex County,NJ,NA,NA,29.524603836530446
07065,Union County,NJ,NA,32.99057412167952,NA
07081,Union County,NJ,NA,NA,60.216847372810676
07103,Essex County,NJ,NA,13.53898886032562,NA
07105,Essex County,NJ,NA,NA,75.72977481234362
07202,Union County,NJ,NA,NA,22.85237698081735
07304,Hudson County,NJ,4,NA,NA
07410,Bergen County,NJ,NA,25.19280205655527,NA
07419,Sussex County,NJ,NA,85.77549271636676,NA
07420,Passaic County,NJ,NA,NA,85.3211009174312
07452,Bergen County,NJ,NA,94.6872322193659,NA
07503,Passaic County,NJ,NA,NA,81.48457047539617
07712,Monmouth County,NJ,NA,30.676949443016284,NA
07726,Monmouth County,NJ,84.8,NA,NA
07733,Monmouth County,NJ,NA,69.66580976863753,NA
07755,Monmouth County,NJ,NA,NA,84.98748957464554
07764,Monmouth County,NJ,NA,NA,83.31943286071727
07840,Warren County,NJ,NA,NA,28.27356130108424
08003,Camden County,NJ,27.6,NA,52.376980817347786
08015,Burlington County,NJ,NA,NA,32.9441201000834
08030,Camden County,NJ,NA,56.72664952870608,NA
08031,Camden County,NJ,NA,73.17909168808912,NA
08037,Atlantic County,NJ,18,NA,NA
08046,Burlington County,NJ,8,NA,NA
08053,Burlington County,NJ,NA,24.93573264781491,NA
08094,Gloucester County,NJ,NA,NA,42.86905754795663
08302,Cumberland County,NJ,NA,8.140531276778065,NA
08505,Burlington County,NJ,NA,81.74807197943444,58.215179316096744
08512,Mercer County,NJ,NA,NA,95.49624687239367
08619,Mercer County,NJ,NA,53.98457583547558,NA
08735,Ocean County,NJ,NA,NA,94.24520433694745
08753,Ocean County,NJ,2.8000000000000003,NA,NA
08755,Ocean County,NJ,NA,86.20394173093402,6.755629691409508
08757,Ocean County,NJ,NA,NA,4.670558798999166
08759,Ocean County,NJ,NA,NA,0
08805,Somerset County,NJ,NA,NA,82.48540450375313
08812,Middlesex County,NJ,NA,86.54670094258783,NA
08822,Hunterdon County,NJ,NA,32.73350471293916,NA
08879,Middlesex County,NJ,NA,NA,63.63636363636363
08886,Warren County,NJ,83.6,NA,NA
08889,Hunterdon County,NJ,NA,NA,95.32944120100083
87031,Valencia County,NM,NA,NA,89.5746455379483
87059,Bernalillo County,NM,NA,80.97686375321337,NA
87105,Bernalillo County,NM,NA,3.2562125107112254,NA
87107,Bernalillo County,NM,NA,22.36503856041131,NA
87111,Bernalillo County,NM,NA,9.34018851756641,NA
87120,Bernalillo County,NM,10.8,NA,NA
87121,Bernalillo County,NM,6.4,NA,NA
87124,Sandoval County,NM,NA,NA,7.506255212677231
87144,Sandoval County,NM,23.200000000000003,NA,47.62301918265221
87505,Santa Fe County,NM,NA,74.20736932305056,7.506255212677231
87507,Santa Fe County,NM,NA,19.28020565552699,NA
87508,Santa Fe County,NM,NA,49.014567266495284,NA
87701,San Miguel County,NM,NA,NA,86.32193494578816
88001,Doa Ana County,NM,NA,NA,45.7047539616347
88011,Doa Ana County,NM,NA,42.50214224507284,NA
88101,Curry County,NM,NA,5.055698371893745,NA
88345,Lincoln County,NM,NA,99.31448157669237,NA
10002,New York County,NY,NA,NA,1.1676396997497915
10009,New York County,NY,NA,NA,2.9190992493744785
10023,New York County,NY,NA,44.987146529562985,NA
10024,New York County,NY,NA,23.307626392459298,3.0025020850708923
10025,New York County,NY,NA,NA,13.511259382819016
10027,New York County,NY,NA,10.882604970008568,21.601334445371144
10035,New York County,NY,NA,6.341045415595545,NA
10306,Richmond County,NY,22.400000000000002,NA,NA
10310,Richmond County,NY,NA,39.33161953727507,NA
10314,Richmond County,NY,NA,3.3419023136246784,NA
10453,Bronx County,NY,NA,NA,64.22018348623854
10455,Bronx County,NY,NA,NA,12.01000834028357
10456,Bronx County,NY,NA,19.880034275921165,NA
10460,Bronx County,NY,NA,63.75321336760925,NA
10467,Bronx County,NY,NA,4.7986289631533845,NA
10468,Bronx County,NY,NA,NA,31.442869057547956
10469,Bronx County,NY,54,NA,NA
10475,Bronx County,NY,NA,39.84575835475578,29.190992493744787
10509,Putnam County,NY,NA,NA,63.30275229357798
10512,Putnam County,NY,NA,NA,83.65304420350293
10562,Westchester County,NY,NA,NA,34.862385321100916
10567,Westchester County,NY,NA,NA,55.04587155963303
10573,Westchester County,NY,NA,NA,27.356130108423688
10580,Westchester County,NY,NA,NA,64.80400333611342
10583,Westchester County,NY,NA,NA,60.633861551292746
10708,Westchester County,NY,NA,NA,40.700583819849875
10962,Rockland County,NY,NA,NA,94.07839866555463
10980,Rockland County,NY,NA,NA,81.40116763969975
10994,Rockland County,NY,NA,NA,97.99833194328608
11105,Queens County,NY,NA,NA,48.95746455379483
11206,Kings County,NY,NA,NA,25.604670558798997
11207,Kings County,NY,NA,NA,36.86405337781485
11208,Kings County,NY,NA,11.396743787489289,NA
11212,Kings County,NY,1.6,NA,NA
11214,Kings County,NY,NA,NA,32.19349457881568
11219,Kings County,NY,NA,18.337617823479004,NA
11221,Kings County,NY,NA,2.999143101970865,NA
11223,Kings County,NY,NA,10.11139674378749,4.253544620517098
11224,Kings County,NY,NA,4.113110539845758,NA
11228,Kings County,NY,NA,41.30248500428449,NA
11229,Kings County,NY,NA,18.1662382176521,2.0016680567139282
11230,Kings County,NY,NA,37.617823479006,NA
11235,Kings County,NY,NA,65.29562982005142,NA
11236,Kings County,NY,NA,NA,31.359466221851545
11372,Queens County,NY,NA,NA,36.11342785654712
11373,Queens County,NY,NA,NA,17.01417848206839
11375,Queens County,NY,NA,NA,4.837364470391994
11418,Queens County,NY,NA,NA,40.8673894912427
11428,Queens County,NY,NA,72.06512425021423,NA
11429,Queens County,NY,71.6,NA,NA
11436,Queens County,NY,NA,NA,78.14845704753962
11691,Queens County,NY,NA,5.8269065981148245,NA
11702,Suffolk County,NY,NA,NA,78.48206839032527
11704,Suffolk County,NY,NA,77.46358183376178,NA
11709,Nassau County,NY,NA,97.08654670094259,NA
11726,Suffolk County,NY,NA,NA,63.13594662218516
11735,Nassau County,NY,NA,NA,45.78815679733111
11741,Suffolk County,NY,NA,62.46786632390745,NA
11751,Suffolk County,NY,NA,NA,76.06338615512928
11753,Nassau County,NY,NA,NA,84.1534612176814
11754,Suffolk County,NY,NA,98.5432733504713,NA
11755,Suffolk County,NY,NA,89.7172236503856,NA
11762,Nassau County,NY,NA,80.63410454155957,NA
11776,Suffolk County,NY,NA,53.470437017994854,NA
11790,Suffolk County,NY,NA,NA,65.13761467889908
11901,Suffolk County,NY,NA,57.41216795201372,NA
12065,Saratoga County,NY,NA,49.61439588688946,NA
12078,Fulton County,NY,NA,NA,38.19849874895746
12306,Schenectady County,NY,NA,NA,39.86655546288574
12309,Schenectady County,NY,NA,NA,36.94745621351126
12414,Greene County,NY,56.39999999999999,NA,NA
12528,Ulster County,NY,91.60000000000001,NA,NA
12533,Dutchess County,NY,NA,83.97600685518424,NA
12822,Saratoga County,NY,NA,NA,81.0675562969141
12828,Washington County,NY,NA,NA,96.74728940783986
12883,Essex County,NY,NA,NA,71.05921601334445
13021,Cayuga County,NY,NA,1.1996572407883461,NA
13031,Onondaga County,NY,NA,54.498714652956295,NA
13045,Cortland County,NY,NA,7.455012853470437,NA
13069,Oswego County,NY,NA,60.15424164524421,NA
13073,Tompkins County,NY,NA,64.18166238217651,NA
13082,Madison County,NY,NA,98.80034275921166,NA
13146,Wayne County,NY,NA,93.05912596401028,NA
13165,Seneca County,NY,NA,19.194515852613538,NA
13205,Onondaga County,NY,NA,NA,39.6163469557965
13340,Herkimer County,NY,NA,NA,60.633861551292746
13440,Oneida County,NY,NA,NA,89.24103419516264
13642,St. Lawrence County,NY,35.6,NA,NA
13760,Broome County,NY,NA,NA,23.853211009174313
13815,Chenango County,NY,16.400000000000002,NA,NA
13838,Delaware County,NY,NA,78.06341045415596,NA
14043,Erie County,NY,NA,28.19194515852613,NA
14201,Erie County,NY,51.6,NA,NA
14210,Erie County,NY,NA,41.38817480719794,NA
14212,Erie County,NY,NA,71.55098543273351,NA
14214,Erie County,NY,NA,NA,75.47956630525438
14225,Erie County,NY,NA,NA,39.11592994161801
14456,Ontario County,NY,NA,47.55784061696658,NA
14469,Ontario County,NY,45.2,NA,NA
14532,Ontario County,NY,NA,72.6649528706084,NA
14569,Wyoming County,NY,NA,59.12596401028277,NA
14580,Monroe County,NY,NA,NA,1.4178482068390326
14606,Monroe County,NY,NA,NA,30.19182652210175
14609,Monroe County,NY,0.4,NA,NA
14611,Monroe County,NY,8.799999999999999,NA,NA
14621,Monroe County,NY,NA,NA,11.926605504587156
14622,Monroe County,NY,NA,17.13796058269066,84.48707256046706
14624,Monroe County,NY,NA,1.4567266495287061,NA
14701,Chautauqua County,NY,NA,15.681233933161954,NA
14760,Cattaraugus County,NY,NA,10.796915167095115,NA
14904,Chemung County,NY,NA,NA,72.89407839866556
27006,Davie County,NC,NA,NA,50.20850708924104
27028,Davie County,NC,17.2,NA,NA
27030,Surry County,NC,NA,1.0282776349614395,NA
27051,Forsyth County,NC,NA,NA,75.31276063386156
27104,Forsyth County,NC,NA,NA,42.035029190992496
27106,Forsyth County,NC,15.2,NA,41.4512093411176
27203,Randolph County,NC,NA,45.3299057412168,NA
27205,Randolph County,NC,NA,NA,36.6138448707256
27253,Alamance County,NC,NA,15.167095115681233,NA
27258,Alamance County,NC,NA,79.77720651242502,NA
27278,Orange County,NC,NA,74.72150814053128,NA
27282,Guilford County,NC,NA,NA,60.30025020850709
27284,Forsyth County,NC,NA,12.93916023993145,NA
27288,Rockingham County,NC,NA,NA,36.44703919933278
27295,Davidson County,NC,NA,2.742073693230506,NA
27302,Alamance County,NC,NA,10.025706940874036,NA
27312,Chatham County,NC,NA,NA,46.705587989991656
27313,Guilford County,NC,NA,NA,89.82485404503753
27320,Rockingham County,NC,NA,7.369323050556983,NA
27358,Guilford County,NC,NA,NA,79.31609674728941
27370,Randolph County,NC,NA,57.2407883461868,NA
27405,Guilford County,NC,NA,42.9305912596401,70.47539616346955
27406,Guilford County,NC,5.6000000000000005,0.42844901456726653,NA
27410,Guilford County,NC,NA,NA,30.692243536280234
27511,Wake County,NC,NA,30.505569837189373,NA
27514,Orange County,NC,NA,28.36332476435304,31.1092577147623
27519,Wake County,NC,NA,49.87146529562982,NA
27520,Johnston County,NC,NA,31.533847472150818,NA
27524,Johnston County,NC,NA,66.75235646958012,NA
27529,Wake County,NC,NA,NA,13.844870725604672
27545,Wake County,NC,NA,NA,68.97414512093411
27557,Nash County,NC,NA,87.31790916880891,NA
27573,Person County,NC,NA,NA,52.21017514595496
27603,Wake County,NC,NA,25.107112253641816,NA
27606,Wake County,NC,NA,44.13024850042845,47.039199332777315
27610,Wake County,NC,NA,31.01970865467009,NA
27701,Durham County,NC,NA,94.51585261353898,NA
27804,Nash County,NC,NA,34.96143958868895,NA
27870,Halifax County,NC,NA,61.95372750642674,NA
27892,Martin County,NC,51.2,NA,NA
28016,Gaston County,NC,NA,83.89031705227077,NA
28025,Cabarrus County,NC,NA,12.082262210796916,7.089241034195163
28036,Mecklenburg County,NC,NA,NA,53.21100917431193
28043,Rutherford County,NC,NA,NA,43.36947456213511
28078,Mecklenburg County,NC,NA,31.448157669237357,NA
28168,Lincoln County,NC,NA,82.09083119108827,NA
28208,Mecklenburg County,NC,NA,23.99314481576692,NA
28226,Mecklenburg County,NC,NA,41.98800342759212,NA
28269,Mecklenburg County,NC,NA,84.49014567266495,NA
28277,Mecklenburg County,NC,NA,NA,25.10425354462052
28306,Bladen County,NC,NA,33.50471293916024,NA
28315,Moore County,NC,76,NA,NA
28334,Sampson County,NC,NA,NA,35.52960800667223
28360,Robeson County,NC,NA,91.68808911739504,NA
28379,Richmond County,NC,NA,NA,28.19015846538782
28409,New Hanover County,NC,NA,14.652956298200515,NA
28411,New Hanover County,NC,40,NA,NA
28412,New Hanover County,NC,NA,NA,23.352793994995828
28457,Pender County,NC,NA,84.57583547557842,NA
28461,Brunswick County,NC,NA,NA,12.343619683069225
28478,Pender County,NC,NA,NA,76.73060884070058
28501,Lenoir County,NC,74.4,NA,NA
28504,Lenoir County,NC,NA,NA,34.612176814011676
28518,Duplin County,NC,86,NA,NA
28560,Craven County,NC,NA,37.01799485861182,NA
28601,Catawba County,NC,NA,NA,14.345287739783153
28602,Catawba County,NC,NA,38.81748071979435,NA
28612,Burke County,NC,66.4,NA,NA
28613,Catawba County,NC,NA,NA,63.96997497914929
28625,Iredell County,NC,NA,51.58526135389888,NA
28638,Caldwell County,NC,NA,NA,53.79482902418682
28650,Catawba County,NC,NA,78.06341045415596,NA
28681,Alexander County,NC,NA,69.83718937446443,NA
28713,Swain County,NC,NA,57.49785775492716,NA
28714,Yancey County,NC,NA,NA,56.04670558798999
28717,Jackson County,NC,NA,94.85861182519281,NA
28739,Henderson County,NC,77.60000000000001,NA,NA
28752,McDowell County,NC,NA,11.653813196229649,NA
28792,Henderson County,NC,NA,NA,23.019182652210173
28803,Buncombe County,NC,78,30.762639245929734,NA
58075,Richland County,ND,NA,NA,86.73894912427022
58103,Cass County,ND,NA,76.09254498714652,NA
58201,Grand Forks County,ND,NA,NA,1.5012510425354462
58504,Burleigh County,ND,NA,NA,14.345287739783153
58554,Morton County,ND,NA,NA,38.53211009174312
58703,Ward County,ND,NA,NA,20.600500417014178
43021,Delaware County,OH,NA,NA,91.24270225187657
43023,Licking County,OH,NA,78.06341045415596,NA
43028,Knox County,OH,NA,NA,34.27856547122602
43078,Champaign County,OH,NA,36.67523564695801,NA
43113,Pickaway County,OH,16,9.85432733504713,NA
43119,Franklin County,OH,NA,46.44387317909169,NA
43125,Franklin County,OH,NA,NA,69.30775646371977
43138,Hocking County,OH,NA,27.849185946872325,NA
43140,Madison County,OH,NA,NA,53.377814845704755
43146,Pickaway County,OH,NA,NA,81.98498748957465
43147,Fairfield County,OH,NA,NA,73.64470391993328
43204,Franklin County,OH,NA,11.139674378748929,NA
43206,Franklin County,OH,NA,NA,55.62969140950792
43207,Franklin County,OH,2,NA,51.209341117597994
43212,Franklin County,OH,75.2,NA,NA
43213,Franklin County,OH,NA,NA,93.49457881567973
43219,Franklin County,OH,NA,33.59040274207369,NA
43221,Franklin County,OH,NA,38.988860325621246,NA
43228,Franklin County,OH,NA,10.282776349614396,15.59633027522936
43230,Franklin County,OH,NA,NA,54.628857381150965
43232,Franklin County,OH,NA,46.27249357326478,NA
43315,Morrow County,OH,66,NA,NA
43326,Hardin County,OH,NA,NA,43.53628023352794
43410,Sandusky County,OH,NA,NA,65.05421184320267
43452,Ottawa County,OH,NA,NA,43.53628023352794
43506,Williams County,OH,NA,NA,28.690575479566306
43512,Defiance County,OH,NA,3.941730934018852,NA
43551,Wood County,OH,NA,5.141388174807198,NA
43554,Williams County,OH,96.8,NA,NA
43571,Lucas County,OH,NA,75.66409597257926,NA
43611,Lucas County,OH,NA,96.82947729220223,NA
43612,Lucas County,OH,NA,NA,43.2860717264387
43614,Lucas County,OH,NA,NA,14.345287739783153
43701,Muskingum County,OH,1.2,0.08568980291345331,NA
43725,Guernsey County,OH,NA,5.3984575835475574,NA
43910,Jefferson County,OH,85.2,NA,NA
44011,Lorain County,OH,NA,NA,7.005838198498749
44017,Cuyahoga County,OH,NA,NA,24.43703085904921
44024,Geauga County,OH,NA,12.510711225364183,NA
44039,Lorain County,OH,NA,NA,22.68557130942452
44053,Lorain County,OH,NA,NA,3.7531276063386154
44060,Lake County,OH,NA,NA,0.3336113427856547
44067,Summit County,OH,NA,16.709511568123396,NA
44077,Lake County,OH,NA,53.55612682090831,NA
44094,Lake County,OH,NA,3.4275921165381322,9.7581317764804
44103,Cuyahoga County,OH,37.2,NA,NA
44104,Cuyahoga County,OH,5.2,17.90916880891174,NA
44105,Cuyahoga County,OH,30.4,NA,NA
44107,Cuyahoga County,OH,NA,2.227934875749786,NA
44108,Cuyahoga County,OH,NA,29.82005141388175,NA
44109,Cuyahoga County,OH,NA,0.8568980291345331,NA
44116,Cuyahoga County,OH,NA,NA,49.3744787322769
44119,Cuyahoga County,OH,NA,73.86461011139674,NA
44124,Cuyahoga County,OH,NA,2.1422450728363325,29.858215179316094
44129,Cuyahoga County,OH,NA,12.16795201371037,51.79316096747289
44135,Cuyahoga County,OH,NA,NA,20.18348623853211
44136,Cuyahoga County,OH,NA,6.2553556126820915,44.5371142618849
44139,Cuyahoga County,OH,NA,43.44473007712082,NA
44142,Cuyahoga County,OH,NA,51.32819194515853,NA
44144,Cuyahoga County,OH,NA,NA,70.30859049207673
44145,Cuyahoga County,OH,NA,3.7703513281919454,NA
44146,Cuyahoga County,OH,NA,0.9425878320479864,NA
44149,Cuyahoga County,OH,NA,15.167095115681233,9.090909090909092
44202,Portage County,OH,NA,52.01371036846615,NA
44212,Medina County,OH,NA,NA,1.834862385321101
44224,Summit County,OH,NA,NA,37.44787322768974
44240,Portage County,OH,64,NA,NA
44262,Summit County,OH,NA,78.9203084832905,NA
44278,Summit County,OH,NA,NA,41.03419516263553
44320,Summit County,OH,NA,NA,18.432026688907424
44405,Mahoning County,OH,NA,NA,85.23769808173478
44410,Trumbull County,OH,NA,75.32133676092545,44.95412844036697
44425,Trumbull County,OH,NA,NA,72.06005004170142
44438,Trumbull County,OH,NA,75.14995715509855,NA
44442,Mahoning County,OH,NA,92.80205655526991,NA
44444,Trumbull County,OH,NA,51.7566409597258,NA
44446,Trumbull County,OH,NA,NA,47.289407839866556
44471,Mahoning County,OH,NA,70.52270779777207,NA
44481,Trumbull County,OH,NA,NA,71.39282735613011
44484,Trumbull County,OH,NA,NA,77.31442869057548
44505,Mahoning County,OH,NA,NA,31.27606338615513
44511,Mahoning County,OH,NA,30.41988003427592,NA
44512,Mahoning County,OH,NA,NA,88.49040867389492
44514,Mahoning County,OH,NA,28.963153384747216,15.512927439532945
44615,Carroll County,OH,NA,NA,87.57297748123436
44646,Stark County,OH,NA,9.768637532133676,14.011676396997498
44662,Stark County,OH,NA,57.0694087403599,NA
44663,Tuscarawas County,OH,NA,NA,8.423686405337781
44667,Wayne County,OH,NA,NA,68.39032527105921
44685,Summit County,OH,NA,56.12682090831191,21.76814011676397
44691,Wayne County,OH,NA,4.027420736932305,NA
44708,Stark County,OH,NA,31.962296486718078,13.761467889908257
44710,Stark County,OH,NA,NA,86.32193494578816
44714,Stark County,OH,NA,NA,70.05838198498749
44720,Stark County,OH,NA,NA,44.12010008340283
44830,Seneca County,OH,20,NA,NA
44833,Crawford County,OH,NA,NA,27.689741451209343
44857,Huron County,OH,NA,34.27592116538132,NA
44870,Erie County,OH,NA,1.7994858611825193,NA
44906,Richland County,OH,NA,NA,21.9349457881568
44907,Richland County,OH,NA,NA,35.696413678065056
45013,Butler County,OH,NA,2.570694087403599,NA
45014,Butler County,OH,NA,70.35132819194516,NA
45036,Warren County,OH,NA,25.8783204798629,NA
45039,Warren County,OH,NA,NA,91.4929107589658
45040,Warren County,OH,NA,NA,19.93327773144287
45056,Butler County,OH,NA,72.6649528706084,NA
45103,Clermont County,OH,NA,22.964867180805484,NA
45152,Warren County,OH,NA,93.31619537275064,NA
45177,Clinton County,OH,NA,31.876606683804624,NA
45229,Hamilton County,OH,NA,NA,66.88907422852377
45230,Hamilton County,OH,NA,46.101113967437875,56.96413678065054
45236,Hamilton County,OH,NA,NA,74.72894078398666
45238,Hamilton County,OH,47.599999999999994,13.710368466152529,NA
45240,Hamilton County,OH,NA,42.58783204798629,47.206005004170144
45245,Clermont County,OH,NA,86.8037703513282,64.6371976647206
45302,Shelby County,OH,96,NA,NA
45322,Montgomery County,OH,NA,NA,87.48957464553794
45377,Montgomery County,OH,NA,75.40702656383891,NA
45383,Miami County,OH,NA,91.60239931448157,NA
45404,Montgomery County,OH,NA,63.58183376178235,NA
45429,Montgomery County,OH,NA,30.93401885175664,NA
45432,Greene County,OH,NA,NA,58.13177648040033
45449,Montgomery County,OH,NA,44.473007712082264,NA
45459,Montgomery County,OH,NA,54.75578406169666,NA
45502,Clark County,OH,NA,NA,72.22685571309424
45601,Ross County,OH,NA,20.7369323050557,5.087572977481234
45631,Gallia County,OH,NA,NA,4.0033361134278564
45669,Lawrence County,OH,NA,18.68037703513282,NA
45692,Jackson County,OH,38.4,NA,NA
45724,Washington County,OH,98,NA,NA
45807,Allen County,OH,NA,NA,46.371976647206004
45833,Allen County,OH,NA,62.03941730934018,NA
45885,Auglaize County,OH,NA,NA,47.456213511259385
73034,Oklahoma County,OK,NA,45.24421593830334,95.24603836530441
73045,Oklahoma County,OK,NA,NA,93.57798165137615
73071,Cleveland County,OK,25.6,NA,NA
73105,Oklahoma County,OK,NA,NA,88.9908256880734
73110,Oklahoma County,OK,NA,NA,9.341117597998332
73119,Oklahoma County,OK,NA,37.44644387317909,NA
73127,Oklahoma County,OK,NA,NA,62.63552960800667
73160,Cleveland County,OK,NA,27.506426735218508,NA
73507,Comanche County,OK,NA,29.220222793487576,NA
73750,Kingfisher County,OK,NA,NA,76.06338615512928
73942,Texas County,OK,NA,NA,91.90992493744787
74010,Creek County,OK,NA,74.03598971722364,NA
74011,Tulsa County,OK,NA,42.844901456726646,NA
74023,Payne County,OK,NA,52.69922879177378,NA
74047,Tulsa County,OK,NA,98.11482433590403,NA
74055,Tulsa County,OK,NA,NA,30.775646371976645
74063,Tulsa County,OK,NA,NA,75.81317764804002
74066,Creek County,OK,NA,94.34447300771208,NA
74074,Payne County,OK,NA,NA,65.72143452877398
74104,Tulsa County,OK,NA,NA,93.24437030859049
74106,Tulsa County,OK,NA,70.0942587832048,NA
74110,Tulsa County,OK,NA,74.97857754927165,NA
74114,Tulsa County,OK,NA,60.75407026563839,NA
74346,Delaware County,OK,NA,91.08826049700086,NA
74403,Muskogee County,OK,NA,26.820908311910884,NA
74421,Okmulgee County,OK,NA,96.57240788346186,NA
74728,McCurtain County,OK,NA,NA,73.97831526271894
74859,Okfuskee County,OK,NA,NA,88.57381150959132
74902,Le Flore County,OK,NA,NA,95.82985821517931
74962,Sequoyah County,OK,NA,NA,94.41201000834029
97004,Clackamas County,OR,NA,96.05826906598115,NA
97030,Multnomah County,OR,NA,NA,16.59716430358632
97031,Hood River County,OR,NA,NA,79.14929107589657
97060,Multnomah County,OR,46,43.18766066838046,NA
97068,Clackamas County,OR,NA,54.841473864610116,NA
97071,Marion County,OR,NA,55.52699228791774,NA
97080,Multnomah County,OR,NA,18.080548414738644,NA
97103,Clatsop County,OR,NA,NA,17.180984153461218
97116,Washington County,OR,NA,NA,47.956630525437866
97230,Multnomah County,OR,NA,NA,10.67556296914095
97302,Marion County,OR,NA,NA,92.66055045871559
97306,Marion County,OR,NA,55.26992287917738,NA
97355,Linn County,OR,NA,NA,5.587989991659716
97420,Coos County,OR,NA,96.65809768637533,NA
97424,Lane County,OR,NA,35.0471293916024,NA
97477,Lane County,OR,94.39999999999999,NA,NA
97502,Jackson County,OR,NA,19.96572407883462,NA
97524,Jackson County,OR,NA,55.441302485004286,NA
97526,Josephine County,OR,NA,NA,43.11926605504588
97527,Josephine County,OR,NA,16.966580976863753,NA
97603,Klamath County,OR,NA,NA,2.418682235195997
97630,Lake County,OR,NA,63.067694944301635,NA
97701,Deschutes County,OR,NA,NA,65.80483736447039
97850,Union County,OR,NA,NA,42.78565471226022
15001,Beaver County,PA,NA,NA,17.597998331943284
15009,Beaver County,PA,NA,36.16109682947729,NA
15057,Washington County,PA,NA,70.6083976006855,NA
15068,Westmoreland County,PA,NA,NA,2.7522935779816518
15074,Beaver County,PA,68,NA,NA
15084,Allegheny County,PA,NA,86.9751499571551,NA
15090,Allegheny County,PA,NA,NA,57.63135946622185
15102,Allegheny County,PA,NA,NA,11.259382819015846
15116,Allegheny County,PA,NA,NA,40.783986655546286
15139,Allegheny County,PA,NA,NA,58.04837364470392
15146,Allegheny County,PA,NA,NA,24.770642201834864
15206,Allegheny County,PA,NA,NA,12.844036697247708
15207,Allegheny County,PA,NA,NA,63.96997497914929
15229,Allegheny County,PA,NA,NA,77.06422018348624
15237,Allegheny County,PA,NA,22.793487574978577,NA
15239,Allegheny County,PA,NA,NA,71.39282735613011
15301,Washington County,PA,31.2,NA,NA
15370,Greene County,PA,NA,54.32733504712939,NA
15461,Fayette County,PA,NA,94.17309340188518,NA
15501,Somerset County,PA,NA,NA,73.56130108423686
15613,Westmoreland County,PA,NA,NA,62.38532110091744
15627,Westmoreland County,PA,NA,71.63667523564696,NA
15642,Westmoreland County,PA,NA,NA,27.27272727272727
15666,Westmoreland County,PA,NA,NA,8.924103419516264
15683,Westmoreland County,PA,NA,58.354755784061695,NA
15690,Westmoreland County,PA,NA,78.40616966580977,NA
15901,Cambria County,PA,NA,98.97172236503856,NA
15904,Cambria County,PA,NA,NA,16.680567139282733
15905,Cambria County,PA,NA,NA,69.89157631359465
16001,Butler County,PA,NA,NA,19.5162635529608
16055,Butler County,PA,NA,NA,60.9674728940784
16066,Butler County,PA,NA,37.18937446443873,NA
16101,Lawrence County,PA,NA,33.07626392459297,NA
16102,Lawrence County,PA,NA,74.37874892887746,NA
16125,Mercer County,PA,NA,NA,7.089241034195163
16127,Mercer County,PA,NA,52.95629820051414,NA
16146,Mercer County,PA,NA,39.50299914310197,NA
16201,Armstrong County,PA,35.199999999999996,8.483290488431876,NA
16242,Clarion County,PA,NA,95.80119965724079,NA
16323,Venango County,PA,NA,66.40959725792631,NA
16365,Warren County,PA,90,NA,NA
16417,Erie County,PA,80.80000000000001,NA,NA
16433,Crawford County,PA,NA,NA,85.9049207673061
16438,Erie County,PA,NA,NA,96.3302752293578
16601,Blair County,PA,NA,NA,87.8231859883236
16648,Blair County,PA,NA,34.10454155955441,NA
16652,Huntingdon County,PA,NA,51.41388174807198,NA
16743,McKean County,PA,NA,NA,93.16096747289407
16801,Centre County,PA,NA,27.849185946872325,80.23352793994995
16830,Clearfield County,PA,NA,NA,13.010842368640535
16901,Tioga County,PA,NA,69.23736075407027,NA
17011,Cumberland County,PA,NA,52.44215938303341,NA
17015,Cumberland County,PA,NA,NA,63.88657214345288
17019,York County,PA,NA,NA,84.82068390325271
17033,Dauphin County,PA,NA,92.71636675235648,NA
17036,Dauphin County,PA,NA,41.816623821765205,NA
17038,Lebanon County,PA,NA,NA,85.9049207673061
17042,Lebanon County,PA,6.800000000000001,NA,NA
17044,Mifflin County,PA,NA,34.19023136246786,38.69891576313595
17050,Cumberland County,PA,NA,NA,16.09674728940784
17055,Cumberland County,PA,NA,14.481576692373608,NA
17057,Dauphin County,PA,20.8,NA,NA
17078,Lebanon County,PA,19.6,NA,50.45871559633027
17103,Dauphin County,PA,NA,65.46700942587832,97.24770642201835
17109,Dauphin County,PA,NA,48.24335904027421,NA
17110,Dauphin County,PA,NA,25.79263067694944,NA
17202,Franklin County,PA,NA,14.910025706940875,NA
17268,Franklin County,PA,NA,NA,11.592994161801501
17307,Adams County,PA,NA,96.31533847472151,NA
17315,York County,PA,NA,NA,38.11509591326105
17331,York County,PA,NA,0.5998286203941731,1.084236864053378
17349,York County,PA,NA,71.29391602399315,NA
17356,York County,PA,NA,NA,66.63886572143453
17402,York County,PA,NA,NA,45.45454545454545
17403,York County,PA,NA,2.313624678663239,NA
17404,York County,PA,NA,75.06426735218508,NA
17543,Lancaster County,PA,NA,8.997429305912597,NA
17551,Lancaster County,PA,NA,87.57497857754927,NA
17740,Lycoming County,PA,NA,49.27163667523565,NA
17815,Columbia County,PA,NA,8.56898029134533,NA
17821,Montour County,PA,26.400000000000002,NA,NA
17842,Snyder County,PA,NA,65.98114824335904,NA
17872,Northumberland County,PA,NA,NA,74.47873227689742
17970,Schuylkill County,PA,96.39999999999999,NA,NA
18013,Northampton County,PA,NA,72.32219365895457,NA
18014,Northampton County,PA,NA,NA,39.44954128440367
18017,Northampton County,PA,NA,NA,2.168473728106756
18020,Northampton County,PA,NA,28.963153384747216,NA
18032,Lehigh County,PA,NA,73.35047129391602,NA
18036,Lehigh County,PA,NA,NA,34.94578815679733
18045,Northampton County,PA,NA,14.224507283633248,57.46455379482902
18067,Northampton County,PA,NA,27.76349614395887,NA
18069,Lehigh County,PA,99.6,NA,NA
18080,Lehigh County,PA,NA,91.00257069408741,NA
18102,Lehigh County,PA,NA,5.312767780634105,NA
18103,Lehigh County,PA,NA,63.067694944301635,NA
18353,Monroe County,PA,NA,60.582690659811476,NA
18504,Lackawanna County,PA,NA,73.17909168808912,NA
18603,Columbia County,PA,NA,NA,39.94995829858215
18643,Luzerne County,PA,NA,49.87146529562982,NA
18644,Luzerne County,PA,NA,62.382176520994,NA
18705,Luzerne County,PA,NA,41.55955441302485,NA
18901,Bucks County,PA,NA,NA,39.783152627189324
18974,Bucks County,PA,NA,40.616966580976865,NA
18976,Bucks County,PA,NA,NA,36.36363636363637
19001,Montgomery County,PA,NA,NA,98.83236030025022
19002,Montgomery County,PA,NA,20.394173093401886,NA
19006,Montgomery County,PA,NA,30.59125964010283,38.69891576313595
19010,Delaware County,PA,NA,71.2082262210797,NA
19018,Delaware County,PA,30.8,NA,NA
19046,Montgomery County,PA,NA,97.17223650385604,NA
19053,Bucks County,PA,NA,NA,41.284403669724774
19073,Delaware County,PA,NA,NA,48.123436196830696
19114,Philadelphia County,PA,NA,NA,17.264386989157632
19122,Philadelphia County,PA,93.2,NA,NA
19124,Philadelphia County,PA,NA,8.397600685518423,22.101751459549625
19128,Philadelphia County,PA,NA,60.06855184233076,NA
19132,Philadelphia County,PA,28.4,NA,NA
19133,Philadelphia County,PA,17.599999999999998,NA,NA
19138,Philadelphia County,PA,NA,21.165381319622963,NA
19139,Philadelphia County,PA,NA,NA,51.876563803169304
19141,Philadelphia County,PA,NA,14.3101970865467,NA
19142,Philadelphia County,PA,NA,72.40788346186804,NA
19143,Philadelphia County,PA,NA,0.5141388174807198,NA
19145,Philadelphia County,PA,NA,NA,29.69140950792327
19146,Philadelphia County,PA,NA,83.03341902313625,NA
19149,Philadelphia County,PA,NA,78.66323907455013,62.05170975813178
19154,Philadelphia County,PA,NA,16.10968294772922,25.771476230191826
19320,Chester County,PA,NA,NA,14.595496246872393
19350,Chester County,PA,NA,85.51842330762639,NA
19382,Chester County,PA,NA,6.76949443016281,NA
19401,Montgomery County,PA,36.8,20.308483290488432,NA
19426,Montgomery County,PA,NA,NA,50.29190992493745
19454,Montgomery County,PA,NA,NA,39.94995829858215
19460,Chester County,PA,NA,NA,53.961634695579654
19462,Montgomery County,PA,NA,NA,50.70892410341952
19464,Montgomery County,PA,NA,32.4764353041988,NA
19468,Montgomery County,PA,NA,32.904884318766065,NA
19473,Montgomery County,PA,NA,89.46015424164524,NA
19512,Berks County,PA,NA,NA,51.626355296080064
19522,Berks County,PA,NA,NA,76.48040033361134
19540,Berks County,PA,NA,NA,69.80817347789825
19604,Berks County,PA,13.600000000000001,NA,NA
19606,Berks County,PA,NA,3.8560411311053984,NA
02813,Washington County,RI,NA,61.86803770351328,NA
02817,Kent County,RI,NA,97.68637532133675,NA
02842,Newport County,RI,NA,NA,88.74061718098415
02857,Providence County,RI,NA,89.11739502999143,NA
02871,Newport County,RI,NA,36.50385604113111,NA
02895,Providence County,RI,NA,25.96401028277635,NA
02896,Providence County,RI,NA,80.46272493573264,NA
02909,Providence County,RI,NA,94.25878320479862,NA
02911,Providence County,RI,NA,54.92716366752356,NA
02920,Providence County,RI,NA,NA,57.96497080900751
29016,Richland County,SC,NA,NA,82.15179316096747
29063,Richland County,SC,NA,45.75835475578406,77.89824854045038
29072,Lexington County,SC,NA,NA,26.10508757297748
29102,Clarendon County,SC,NA,51.84233076263924,NA
29127,Newberry County,SC,NA,88.4318766066838,NA
29135,Calhoun County,SC,NA,NA,78.14845704753962
29212,Lexington County,SC,NA,NA,47.706422018348626
29303,Spartanburg County,SC,NA,NA,48.87406171809842
29306,Spartanburg County,SC,NA,64.43873179091688,NA
29330,Spartanburg County,SC,NA,80.29134532990574,NA
29349,Spartanburg County,SC,NA,53.384747215081404,NA
29360,Laurens County,SC,NA,38.389031705227076,NA
29385,Spartanburg County,SC,NA,90.05998286203942,NA
29418,Charleston County,SC,NA,82.43359040274207,NA
29431,Berkeley County,SC,NA,NA,95.91326105087573
29440,Georgetown County,SC,NA,NA,25.18765638031693
29445,Berkeley County,SC,NA,24.850042844901456,NA
29461,Berkeley County,SC,NA,NA,71.14261884904087
29464,Charleston County,SC,NA,21.765209940017137,NA
29486,Berkeley County,SC,NA,45.41559554413025,NA
29506,Florence County,SC,NA,NA,78.39866555462885
29550,Darlington County,SC,NA,20.22279348757498,NA
29565,Dillon County,SC,NA,NA,88.15679733110926
29566,Horry County,SC,NA,88.00342759211654,NA
29570,Marlboro County,SC,NA,NA,99.9165971643036
29581,Horry County,SC,NA,86.71808054841473,NA
29601,Greenville County,SC,NA,NA,78.31526271893244
29607,Greenville County,SC,NA,25.621251071122536,NA
29611,Greenville County,SC,NA,NA,59.71643035863219
29621,Anderson County,SC,70.39999999999999,NA,NA
29640,Pickens County,SC,NA,21.165381319622963,27.856547122602173
29642,Pickens County,SC,NA,15.509854327335045,NA
29644,Greenville County,SC,79.2,NA,NA
29646,Greenwood County,SC,NA,43.70179948586118,NA
29662,Greenville County,SC,NA,NA,83.98665554628857
29669,Anderson County,SC,NA,82.77634961439588,NA
29730,York County,SC,NA,NA,73.1442869057548
29803,Aiken County,SC,NA,58.44044558697515,NA
29909,Beaufort County,SC,NA,48.58611825192802,48.54045037531276
57104,Minnehaha County,SD,NA,4.884318766066838,NA
57105,Minnehaha County,SD,NA,9.254498714652955,NA
57106,Minnehaha County,SD,NA,32.04798628963154,NA
57301,Davison County,SD,52.800000000000004,NA,NA
57701,Pennington County,SD,NA,14.824335904027421,NA
37027,Williamson County,TN,NA,NA,13.844870725604672
37055,Dickson County,TN,NA,40.44558697514996,NA
37066,Sumner County,TN,NA,7.112253641816624,NA
37067,Williamson County,TN,NA,66.58097686375322,NA
37069,Williamson County,TN,NA,74.03598971722364,NA
37076,Davidson County,TN,NA,29.991431019708653,35.11259382819016
37127,Rutherford County,TN,NA,NA,82.73561301084237
37160,Bedford County,TN,NA,NA,33.94495412844037
37167,Rutherford County,TN,NA,24.42159383033419,NA
37184,Wilson County,TN,NA,96.1439588688946,NA
37190,Cannon County,TN,NA,NA,64.72060050041702
37205,Davidson County,TN,NA,NA,16.430358632193496
37212,Davidson County,TN,NA,NA,82.3185988323603
37303,McMinn County,TN,NA,41.216795201371035,NA
37312,Bradley County,TN,NA,NA,29.941618015012512
37363,Hamilton County,TN,NA,39.0745501285347,NA
37411,Hamilton County,TN,NA,57.49785775492716,NA
37412,Hamilton County,TN,NA,56.98371893744645,NA
37419,Hamilton County,TN,NA,90.57412167952013,NA
37421,Hamilton County,TN,NA,27.677806341045414,NA
37620,Sullivan County,TN,NA,NA,66.13844870725605
37660,Sullivan County,TN,NA,NA,38.69891576313595
37663,Sullivan County,TN,NA,92.20222793487575,68.05671392827357
37683,Johnson County,TN,NA,NA,84.65387823185988
37687,Carter County,TN,NA,NA,95.57964970809007
37708,Grainger County,TN,NA,83.1191088260497,NA
37711,Hawkins County,TN,NA,NA,79.73311092577148
37737,Blount County,TN,NA,93.91602399314482,NA
37757,Campbell County,TN,NA,NA,64.38698915763136
37772,Loudon County,TN,NA,NA,58.882402001668055
37774,Loudon County,TN,NA,23.221936589545844,NA
37779,Union County,TN,NA,97.6006855184233,NA
37804,Blount County,TN,NA,16.8808911739503,NA
37814,Hamblen County,TN,NA,NA,28.35696413678065
37830,Anderson County,TN,NA,24.164524421593832,NA
37854,Roane County,TN,NA,83.63324764353041,NA
37857,Hawkins County,TN,NA,37.789203084832906,34.111759799833195
37862,Sevier County,TN,NA,79.52013710368466,NA
37865,Sevier County,TN,NA,NA,65.38782318598832
37876,Sevier County,TN,NA,20.908311910882603,NA
37882,Blount County,TN,NA,88.68894601542416,NA
37917,Knox County,TN,NA,NA,22.93577981651376
37918,Knox County,TN,NA,NA,15.17931609674729
37919,Knox County,TN,NA,35.646958011996574,35.696413678065056
37920,Knox County,TN,NA,14.738646101113966,NA
37932,Knox County,TN,NA,62.2107969151671,NA
38012,Haywood County,TN,NA,NA,78.98248540450375
38016,Shelby County,TN,NA,45.072836332476435,NA
38018,Shelby County,TN,NA,71.63667523564696,NA
38028,Fayette County,TN,97.2,NA,NA
38068,Fayette County,TN,NA,77.12082262210797,NA
38104,Shelby County,TN,NA,66.83804627249359,69.55796497080901
38109,Shelby County,TN,NA,47.47215081405313,NA
38111,Shelby County,TN,58.8,NA,NA
38116,Shelby County,TN,NA,30.162810625535563,NA
38135,Shelby County,TN,NA,NA,88.82402001668058
38257,Obion County,TN,86.8,85.51842330762639,NA
38261,Obion County,TN,NA,33.07626392459297,NA
38301,Madison County,TN,NA,49.1859468723222,NA
38305,Madison County,TN,NA,9.08311910882605,NA
38320,Benton County,TN,NA,NA,67.38949124270225
38351,Henderson County,TN,NA,41.045415595544135,NA
38401,Maury County,TN,NA,5.569837189374464,NA
38478,Giles County,TN,NA,58.61182519280206,NA
38506,Putnam County,TN,NA,NA,29.774812343619683
38553,Fentress County,TN,NA,NA,99.83319432860718
38585,Van Buren County,TN,NA,85.43273350471294,NA
75032,Rockwall County,TX,63.6,46.35818337617824,NA
75034,Denton County,TX,NA,27.07797772065124,NA
75035,Collin County,TX,NA,46.70094258783205,NA
75040,Dallas County,TX,NA,NA,14.929107589658047
75043,Dallas County,TX,NA,NA,24.520433694745623
75069,Collin County,TX,NA,NA,56.79733110925771
75071,Collin County,TX,NA,29.9057412167952,NA
75080,Dallas County,TX,NA,40.95972579263068,NA
75090,Grayson County,TX,NA,NA,52.543786488740615
75126,Kaufman County,TX,NA,NA,85.3211009174312
75137,Dallas County,TX,NA,NA,57.881567973311085
75149,Dallas County,TX,NA,28.6203941730934,NA
75205,Dallas County,TX,NA,NA,71.72643869891576
75216,Dallas County,TX,NA,NA,32.86071726438699
75217,Dallas County,TX,NA,6.940874035989718,NA
75223,Dallas County,TX,NA,92.2879177377892,NA
75227,Dallas County,TX,NA,NA,61.55129274395329
75234,Dallas County,TX,NA,NA,42.11843202668891
75240,Dallas County,TX,NA,NA,86.90575479566304
75241,Dallas County,TX,73.2,NA,NA
75243,Dallas County,TX,NA,42.159383033419026,NA
75455,Titus County,TX,NA,44.73007712082262,NA
75503,Bowie County,TX,NA,NA,21.684737281067555
75605,Gregg County,TX,NA,NA,25.43786488740617
75650,Harrison County,TX,NA,91.34532990574121,NA
75662,Gregg County,TX,NA,32.64781491002571,40.950792326939116
75703,Smith County,TX,NA,3.513281919451585,NA
75765,Wood County,TX,NA,73.69323050556984,NA
75766,Cherokee County,TX,NA,6.598114824335904,NA
75773,Wood County,TX,NA,NA,61.88490408673894
75790,Van Zandt County,TX,NA,82.60497000856898,NA
75951,Jasper County,TX,NA,NA,34.778982485404505
76013,Tarrant County,TX,NA,NA,23.603002502085072
76021,Tarrant County,TX,NA,NA,27.522935779816514
76028,Johnson County,TX,NA,NA,8.84070058381985
76063,Tarrant County,TX,16.8,10.62553556126821,14.09507923269391
76085,Parker County,TX,NA,55.69837189374465,NA
76087,Parker County,TX,NA,70.95115681233933,NA
76109,Tarrant County,TX,NA,78.32047986289632,NA
76137,Tarrant County,TX,NA,18.937446443873178,NA
76180,Tarrant County,TX,NA,66.15252784918594,25.35446205170976
76209,Denton County,TX,NA,74.293059125964,NA
76210,Denton County,TX,NA,82.0051413881748,NA
76240,Cooke County,TX,NA,33.7617823479006,NA
76446,Erath County,TX,NA,NA,97.4979149291076
76531,Hamilton County,TX,NA,NA,72.06005004170142
76543,Bell County,TX,NA,52.870608397600684,NA
76548,Bell County,TX,NA,NA,6.839032527105922
76642,Limestone County,TX,NA,NA,74.06171809841534
76706,McLennan County,TX,NA,NA,19.349457881567975
76710,McLennan County,TX,NA,NA,44.37030859049207
76903,Tom Green County,TX,NA,78.83461868037703,NA
76904,Tom Green County,TX,NA,35.98971722365039,NA
77016,Harris County,TX,NA,36.84661525278492,40.116763969974976
77026,Harris County,TX,NA,NA,59.466221851542954
77033,Harris County,TX,NA,NA,36.11342785654712
77038,Harris County,TX,NA,NA,89.82485404503753
77055,Harris County,TX,NA,NA,92.57714762301919
77063,Harris County,TX,NA,68.55184233076264,NA
77086,Harris County,TX,68.8,NA,NA
77089,Harris County,TX,NA,NA,63.38615512927439
77095,Harris County,TX,NA,74.55012853470437,NA
77302,Montgomery County,TX,NA,91.68808911739504,NA
77336,Harris County,TX,NA,NA,90.74228523769808
77346,Harris County,TX,NA,33.33333333333333,NA
77356,Montgomery County,TX,NA,NA,46.788990825688074
77379,Harris County,TX,NA,8.05484147386461,7.6730608840700585
77407,Fort Bend County,TX,NA,91.51670951156812,NA
77437,Wharton County,TX,NA,NA,42.95246038365305
77450,Harris County,TX,NA,17.309340188517567,NA
77471,Fort Bend County,TX,NA,56.38389031705226,NA
77478,Fort Bend County,TX,NA,45.586975149957155,NA
77479,Fort Bend County,TX,NA,NA,27.022518765638033
77494,Fort Bend County,TX,NA,NA,31.1092577147623
77535,Liberty County,TX,NA,43.359040274207366,NA
77541,Brazoria County,TX,NA,NA,82.40200166805671
77546,Galveston County,TX,NA,8.911739502999144,NA
77568,Galveston County,TX,NA,NA,54.12844036697248
77581,Brazoria County,TX,NA,19.794344473007712,NA
77591,Galveston County,TX,NA,NA,77.23102585487906
77612,Jasper County,TX,NA,91.43101970865467,NA
77662,Orange County,TX,NA,NA,51.12593828190158
77713,Jefferson County,TX,NA,95.11568123393316,NA
77964,Lavaca County,TX,NA,NA,52.79399499582986
78003,Bandera County,TX,NA,NA,88.4070058381985
78046,Webb County,TX,NA,NA,42.7022518765638
78070,Comal County,TX,NA,NA,83.73644703919933
78501,Hidalgo County,TX,NA,20.394173093401886,NA
78538,Hidalgo County,TX,NA,91.08826049700086,NA
78541,Hidalgo County,TX,NA,NA,48.62385321100918
78589,Hidalgo County,TX,NA,NA,69.97497914929107
78612,Bastrop County,TX,NA,90.14567266495287,NA
78633,Williamson County,TX,NA,NA,1.58465387823186
78639,Llano County,TX,NA,42.330762639245926,NA
78640,Hays County,TX,NA,NA,58.548790658882396
78645,Travis County,TX,NA,NA,93.74478732276897
78660,Travis County,TX,NA,31.790916880891174,NA
78665,Williamson County,TX,NA,NA,66.30525437864887
78704,Travis County,TX,69.6,NA,NA
78728,Travis County,TX,NA,95.54413024850042,NA
78735,Travis County,TX,NA,NA,71.39282735613011
78741,Travis County,TX,NA,90.48843187660668,NA
78745,Travis County,TX,NA,55.26992287917738,NA
78840,Val Verde County,TX,NA,16.538131962296486,NA
79556,Nolan County,TX,NA,47.38646101113967,NA
79605,Taylor County,TX,NA,NA,19.599666388657212
79606,Taylor County,TX,NA,NA,26.605504587155966
79701,Midland County,TX,NA,61.61096829477292,NA
79905,El Paso County,TX,NA,54.07026563838904,NA
79928,El Paso County,TX,NA,NA,75.6463719766472
79936,El Paso County,TX,NA,16.795201371036846,67.97331109257715
84003,Utah County,UT,NA,NA,59.38281901584654
84005,Utah County,UT,79.60000000000001,NA,NA
84015,Davis County,UT,NA,NA,61.634695579649716
84074,Tooele County,UT,NA,NA,24.93744787322769
84078,Uintah County,UT,NA,NA,66.22185154295246
84092,Salt Lake County,UT,NA,NA,65.63803169307756
84093,Salt Lake County,UT,NA,NA,59.549624687239366
84096,Salt Lake County,UT,NA,58.183376178234795,NA
84103,Salt Lake County,UT,NA,88.6032562125107,NA
84117,Salt Lake County,UT,NA,62.98200514138818,NA
84119,Salt Lake County,UT,NA,NA,32.69391159299416
84129,,UT,NA,28.277634961439592,NA
84341,Cache County,UT,NA,NA,69.22435362802335
84405,Weber County,UT,NA,NA,55.62969140950792
84501,Carbon County,UT,65.60000000000001,NA,NA
84770,Washington County,UT,NA,27.163667523564694,NA
05101,Windham County,VT,NA,NA,82.98582151793161
05156,Windsor County,VT,NA,NA,57.63135946622185
05201,Bennington County,VT,NA,NA,31.859883236030022
05450,Franklin County,VT,NA,NA,94.57881567973311
05733,Rutland County,VT,NA,NA,74.395329441201
20147,Loudoun County,VA,NA,NA,43.11926605504588
20164,Loudoun County,VA,NA,85.08997429305913,NA
20165,Loudoun County,VA,NA,NA,78.73227689741451
20176,Loudoun County,VA,NA,83.46186803770351,NA
22030,Fairfax County,VA,NA,28.79177377892031,38.36530442035029
22079,Fairfax County,VA,NA,NA,72.39366138448707
22152,Fairfax County,VA,NA,NA,33.11092577147623
22193,Prince William County,VA,NA,52.35646958011997,NA
22303,Fairfax County,VA,NA,96.22964867180805,NA
22307,Fairfax County,VA,NA,92.97343616109683,NA
22311,Alexandria city,VA,NA,NA,61.30108423686406
22315,Fairfax County,VA,NA,58.26906598114824,NA
22405,Stafford County,VA,NA,50.6426735218509,NA
22551,Spotsylvania County,VA,NA,61.61096829477292,NA
22601,Winchester city,VA,NA,NA,92.41034195162635
22602,Frederick County,VA,NA,NA,76.98081734778982
22664,Shenandoah County,VA,NA,NA,67.88990825688074
22701,Culpeper County,VA,28.000000000000004,NA,76.56380316930776
22801,Harrisonburg city,VA,NA,NA,54.46205170975813
22802,Harrisonburg city,VA,NA,NA,25.521267723102586
22812,Rockingham County,VA,NA,NA,56.29691409507923
22842,Shenandoah County,VA,NA,NA,94.41201000834029
22844,Shenandoah County,VA,84,NA,NA
22901,Albemarle County,VA,NA,NA,5.921601334445372
22973,Greene County,VA,NA,NA,81.7347789824854
23061,Gloucester County,VA,NA,89.11739502999143,NA
23072,Gloucester County,VA,NA,NA,55.21267723102585
23111,Hanover County,VA,NA,NA,14.929107589658047
23113,Chesterfield County,VA,NA,79.34875749785776,NA
23150,Henrico County,VA,NA,NA,62.55212677231026
23185,James City County,VA,NA,23.82176520994002,0.4170141784820684
23188,James City County,VA,NA,NA,0.5838198498748958
23223,Henrico County,VA,NA,NA,26.188490408673893
23228,Henrico County,VA,NA,32.819194515852615,NA
23321,Chesapeake city,VA,NA,86.63239074550128,NA
23322,Chesapeake city,VA,NA,22.36503856041131,NA
23323,Chesapeake city,VA,NA,NA,40.200166805671394
23325,Chesapeake city,VA,NA,NA,41.618015012510426
23451,Virginia Beach city,VA,NA,13.024850042844902,NA
23452,Virginia Beach city,VA,NA,6.8551842330762645,32.443703085904914
23455,Virginia Beach city,VA,NA,NA,1.3344453711426187
23464,Virginia Beach city,VA,NA,2.4850042844901457,NA
23504,Norfolk city,VA,29.2,NA,NA
23505,Norfolk city,VA,NA,NA,64.30358632193494
23513,Norfolk city,VA,54.800000000000004,NA,16.51376146788991
23602,Newport News city,VA,NA,27.163667523564694,NA
23662,Poquoson city,VA,NA,NA,52.04336947456214
23666,Hampton city,VA,12.8,39.588688946015424,NA
23693,York County,VA,NA,63.924592973436155,NA
23704,Portsmouth city,VA,NA,NA,62.96914095079232
23831,Chesterfield County,VA,NA,NA,40.450375312760634
23832,Chesterfield County,VA,NA,45.84404455869752,NA
23834,Colonial Heights city,VA,NA,59.982862039417306,NA
23838,Chesterfield County,VA,NA,89.28877463581834,NA
24018,Roanoke County,VA,NA,86.46101113967438,NA
24055,Henry County,VA,NA,65.38131962296487,92.82735613010841
24060,Montgomery County,VA,NA,NA,80.06672226855713
24065,Franklin County,VA,NA,NA,86.23853211009175
24078,Henry County,VA,NA,NA,88.65721434528774
24083,Botetourt County,VA,NA,97.94344473007712,NA
24153,Salem city,VA,NA,51.156812339331616,NA
24201,Bristol city,VA,NA,40.78834618680377,NA
24251,Scott County,VA,NA,NA,83.15262718932443
24368,Wythe County,VA,NA,NA,92.32693911592995
24401,Staunton city,VA,NA,5.227077977720651,NA
24477,Augusta County,VA,NA,92.45929734361611,NA
24501,Lynchburg city,VA,NA,69.06598114824337,NA
24503,Lynchburg city,VA,NA,NA,37.03085904920767
24522,Appomattox County,VA,NA,NA,96.66388657214345
24551,Bedford County,VA,NA,NA,49.62468723936614
24588,Campbell County,VA,NA,NA,77.64804003336113
24592,Halifax County,VA,NA,NA,26.02168473728107
24609,Tazewell County,VA,NA,NA,90.24186822351959
98001,King County,WA,NA,NA,59.216013344453714
98011,King County,WA,NA,NA,44.78732276897415
98012,Snohomish County,WA,NA,26.221079691516707,NA
98021,Snohomish County,WA,NA,75.49271636675236,NA
98022,King County,WA,NA,21.936589545844047,NA
98026,Snohomish County,WA,NA,30.334190231362467,NA
98027,King County,WA,NA,NA,51.04253544620517
98028,King County,WA,NA,NA,84.23686405337781
98040,King County,WA,NA,NA,37.69808173477898
98075,King County,WA,NA,89.8886032562125,NA
98087,Snohomish County,WA,50.4,NA,NA
98105,King County,WA,NA,68.20908311910883,NA
98125,King County,WA,NA,NA,79.39949958298583
98155,King County,WA,NA,NA,37.03085904920767
98199,King County,WA,NA,68.89460154241645,NA
98201,Snohomish County,WA,NA,43.873179091688094,59.1326105087573
98203,Snohomish County,WA,NA,NA,96.24687239366139
98226,Whatcom County,WA,NA,NA,8.507089241034196
98229,Whatcom County,WA,NA,60.32562125107113,NA
98248,Whatcom County,WA,NA,NA,56.13010842368641
98251,Snohomish County,WA,NA,98.28620394173093,NA
98264,Whatcom County,WA,NA,NA,53.294412010008344
98275,Snohomish County,WA,NA,67.00942587832049,NA
98296,Snohomish County,WA,49.2,NA,NA
98311,Kitsap County,WA,NA,48.500428449014564,NA
98332,Pierce County,WA,NA,50.38560411311054,NA
98338,Pierce County,WA,NA,32.305055698371895,NA
98362,Clallam County,WA,NA,NA,24.186822351959965
98373,Pierce County,WA,NA,99.22879177377892,NA
98402,Pierce County,WA,NA,81.06255355612683,NA
98563,Grays Harbor County,WA,NA,94.43016281062555,NA
98584,Mason County,WA,NA,NA,25.27105921601334
98606,Clark County,WA,NA,NA,99.24937447873228
98642,Clark County,WA,NA,81.49100257069408,80.73394495412845
98802,Douglas County,WA,NA,61.096829477292204,NA
98837,Grant County,WA,NA,NA,16.013344453711426
98848,Grant County,WA,NA,NA,97.74812343619683
98851,Grant County,WA,NA,92.37360754070265,NA
98862,Okanogan County,WA,NA,100,NA
98901,Yakima County,WA,NA,43.958868894601544,82.81901584653878
98926,Kittitas County,WA,NA,NA,54.628857381150965
98942,Yakima County,WA,NA,61.01113967437875,NA
98951,Yakima County,WA,NA,NA,87.1559633027523
99156,Pend Oreille County,WA,NA,NA,67.80650542118431
99216,Spokane County,WA,NA,NA,53.544620517097584
99223,Spokane County,WA,NA,NA,49.54128440366973
99337,Benton County,WA,NA,5.655526992287918,NA
99352,Benton County,WA,NA,24.5929734361611,NA
20009,District of Columbia,DC,NA,NA,66.97247706422019
20011,District of Columbia,DC,NA,11.225364181662382,NA
20012,District of Columbia,DC,NA,NA,90.99249374478731
20016,District of Columbia,DC,NA,47.04370179948586,60.633861551292746
25045,Kanawha County,WV,NA,NA,99.58298582151794
25387,Kanawha County,WV,NA,90.6598114824336,NA
25411,Morgan County,WV,NA,79.17737789203085,78.0650542118432
25508,Logan County,WV,NA,63.58183376178235,NA
25701,Cabell County,WV,NA,13.881748071979436,NA
25704,Wayne County,WV,NA,34.79005998286204,NA
25951,Summers County,WV,70.8,NA,NA
26101,Wood County,WV,NA,4.455869751499572,NA
26201,Upshur County,WV,NA,14.995715509854326,NA
26330,Harrison County,WV,NA,NA,27.4395329441201
26431,Harrison County,WV,NA,NA,74.56213511259384
26501,Monongalia County,WV,NA,28.53470437017995,NA
26508,Monongalia County,WV,NA,4.1988003427592115,91.4095079232694
26757,Hampshire County,WV,NA,NA,69.47456213511259
53005,Waukesha County,WI,42.8,NA,73.81150959132611
53024,Ozaukee County,WI,NA,NA,15.763135946622187
53066,Waukesha County,WI,NA,9.511568123393316,NA
53074,Ozaukee County,WI,NA,69.66580976863753,NA
53081,Sheboygan County,WI,18.4,NA,NA
53085,Sheboygan County,WI,NA,NA,98.58215179316096
53105,Racine County,WI,NA,NA,26.271893244370307
53110,Milwaukee County,WI,NA,31.191088260497,NA
53122,Waukesha County,WI,NA,89.80291345329906,NA
53132,Milwaukee County,WI,NA,20.051413881748072,NA
53140,Kenosha County,WI,NA,22.87917737789203,NA
53144,Kenosha County,WI,NA,27.420736932305058,NA
53151,Waukesha County,WI,NA,18.42330762639246,NA
53154,Milwaukee County,WI,72.39999999999999,NA,NA
53158,Kenosha County,WI,NA,60.411311053984576,NA
53172,Milwaukee County,WI,NA,37.53213367609254,NA
53181,Kenosha County,WI,NA,81.49100257069408,NA
53188,Waukesha County,WI,NA,NA,24.93744787322769
53207,Milwaukee County,WI,28.799999999999997,NA,NA
53211,Milwaukee County,WI,NA,56.041131105398456,NA
53212,Milwaukee County,WI,NA,12.510711225364183,NA
53217,Milwaukee County,WI,NA,76.17823479005999,NA
53227,Milwaukee County,WI,NA,NA,13.427856547122602
53228,Milwaukee County,WI,NA,NA,35.9466221851543
53511,Rock County,WI,NA,NA,0.08340283569641367
53532,Dane County,WI,NA,NA,91.82652210175146
53534,Rock County,WI,NA,51.071122536418166,NA
53538,Jefferson County,WI,NA,34.79005998286204,23.019182652210173
53551,Jefferson County,WI,NA,73.52185089974293,NA
53581,Richland County,WI,NA,79.00599828620393,NA
53589,Dane County,WI,NA,NA,61.96830692243537
53703,Dane County,WI,78.4,NA,NA
53711,Dane County,WI,NA,NA,9.841534612176813
53913,Sauk County,WI,NA,16.02399314481577,NA
53963,Dodge County,WI,59.199999999999996,NA,NA
54021,Pierce County,WI,NA,98.7146529562982,NA
54024,Polk County,WI,NA,88.17480719794345,NA
54151,Marinette County,WI,NA,64.09597257926308,NA
54166,Shawano County,WI,NA,87.40359897172236,NA
54220,Manitowoc County,WI,NA,NA,0.6672226855713094
54235,Door County,WI,NA,NA,16.34695579649708
54241,Manitowoc County,WI,NA,NA,34.528773978315265
54304,Brown County,WI,NA,NA,19.09924937447873
54311,Brown County,WI,NA,NA,18.515429524603835
54403,Marathon County,WI,NA,NA,8.757297748123436
54476,Marathon County,WI,NA,63.41045415595544,NA
54482,Portage County,WI,NA,84.31876606683805,NA
54555,Price County,WI,NA,NA,96.9140950792327
54603,La Crosse County,WI,NA,NA,11.009174311926607
54636,La Crosse County,WI,NA,46.87232219365895,NA
54729,Chippewa County,WI,NA,19.70865467009426,NA
54830,Burnett County,WI,NA,NA,80.81734778982485
54868,Barron County,WI,NA,NA,77.56463719766472
54880,Douglas County,WI,NA,56.89802913453299,1.2510425354462051
54901,Winnebago County,WI,NA,60.83976006855184,NA
54902,Winnebago County,WI,NA,NA,81.56797331109257
54904,Winnebago County,WI,NA,35.132819194515854,NA
54935,Fond du Lac County,WI,NA,74.89288774635818,3.5029190992493744
54952,Winnebago County,WI,NA,36.16109682947729,NA
82070,Albany County,WY,NA,NA,64.13678065054211
82443,Hot Springs County,WY,NA,NA,89.99165971643036
82718,Campbell County,WY,60.4,NA,NA
82901,Sweetwater County,WY,60,NA,NA
