fips,county,state,Over18
01001,Autauga County,AL,NA
01003,Baldwin County,AL,NA
01005,Barbour County,AL,NA
01007,Bibb County,AL,NA
01009,Blount County,AL,NA
01011,Bullock County,AL,NA
01013,Butler County,AL,NA
01015,Calhoun County,AL,NA
01017,Chambers County,AL,NA
01019,Cherokee County,AL,NA
01021,Chilton County,AL,NA
01025,Clarke County,AL,NA
01027,Clay County,AL,NA
01029,Cleburne County,AL,NA
01031,Coffee County,AL,NA
01033,Colbert County,AL,NA
01035,Conecuh County,AL,NA
01037,Coosa County,AL,NA
01039,Covington County,AL,NA
01041,Crenshaw County,AL,NA
01043,Cullman County,AL,NA
01045,Dale County,AL,NA
01047,Dallas County,AL,NA
01049,DeKalb County,AL,NA
01051,Elmore County,AL,NA
01053,Escambia County,AL,NA
01055,Etowah County,AL,NA
01057,Fayette County,AL,NA
01059,Franklin County,AL,NA
01061,Geneva County,AL,NA
01063,Greene County,AL,NA
01065,Hale County,AL,NA
01067,Henry County,AL,NA
01069,Houston County,AL,NA
01071,Jackson County,AL,NA
01073,Jefferson County,AL,NA
01075,Lamar County,AL,NA
01077,Lauderdale County,AL,NA
01079,Lawrence County,AL,NA
01081,Lee County,AL,NA
01083,Limestone County,AL,NA
01085,Lowndes County,AL,NA
01087,Macon County,AL,NA
01089,Madison County,AL,NA
01091,Marengo County,AL,NA
01093,Marion County,AL,NA
01095,Marshall County,AL,NA
01097,Mobile County,AL,NA
01099,Monroe County,AL,NA
01101,Montgomery County,AL,82.97872340425532
01103,Morgan County,AL,NA
01105,Perry County,AL,NA
01107,Pickens County,AL,NA
01109,Pike County,AL,NA
01111,Randolph County,AL,NA
01113,Russell County,AL,NA
01115,St. Clair County,AL,NA
01117,Shelby County,AL,NA
01119,Sumter County,AL,NA
01121,Talladega County,AL,NA
01123,Tallapoosa County,AL,NA
01125,Tuscaloosa County,AL,NA
01127,Walker County,AL,NA
01129,Washington County,AL,NA
01131,Wilcox County,AL,NA
01133,Winston County,AL,NA
02020,Anchorage Municipality,AK,35.815602836879435
02050,Bethel Census Area,AK,NA
02070,Dillingham Census Area,AK,NA
02090,Fairbanks North Star Borough,AK,NA
02110,Juneau City and Borough,AK,NA
02122,Kenai Peninsula Borough,AK,NA
02130,Ketchikan Gateway Borough,AK,92.90780141843972
02150,Kodiak Island Borough,AK,NA
02170,Matanuska-Susitna Borough,AK,NA
02180,Nome Census Area,AK,NA
02220,Sitka City and Borough,AK,NA
02240,Southeast Fairbanks Census Area,AK,NA
02261,Valdez-Cordova Census Area,AK,NA
02270,Wade Hampton Census Area,AK,NA
04001,Apache County,AZ,NA
04003,Cochise County,AZ,NA
04005,Coconino County,AZ,NA
04007,Gila County,AZ,82.62411347517731
04009,Graham County,AZ,NA
04012,La Paz County,AZ,NA
04013,Maricopa County,AZ,2.127659574468085
04015,Mohave County,AZ,49.29078014184397
04017,Navajo County,AZ,59.57446808510638
04019,Pima County,AZ,4.609929078014184
04021,Pinal County,AZ,NA
04023,Santa Cruz County,AZ,NA
04025,Yavapai County,AZ,52.836879432624116
04027,Yuma County,AZ,39.361702127659576
05001,Arkansas County,AR,NA
05003,Ashley County,AR,NA
05005,Baxter County,AR,NA
05007,Benton County,AR,NA
05009,Boone County,AR,NA
05011,Bradley County,AR,NA
05015,Carroll County,AR,NA
05017,Chicot County,AR,NA
05019,Clark County,AR,NA
05021,Clay County,AR,NA
05023,Cleburne County,AR,NA
05025,Cleveland County,AR,NA
05027,Columbia County,AR,NA
05029,Conway County,AR,NA
05031,Craighead County,AR,NA
05033,Crawford County,AR,84.39716312056737
05035,Crittenden County,AR,NA
05037,Cross County,AR,NA
05039,Dallas County,AR,NA
05041,Desha County,AR,NA
05043,Drew County,AR,NA
05045,Faulkner County,AR,NA
05047,Franklin County,AR,NA
05049,Fulton County,AR,NA
05051,Garland County,AR,NA
05053,Grant County,AR,NA
05055,Greene County,AR,NA
05057,Hempstead County,AR,NA
05059,Hot Spring County,AR,NA
05061,Howard County,AR,NA
05063,Independence County,AR,NA
05067,Jackson County,AR,NA
05069,Jefferson County,AR,NA
05071,Johnson County,AR,NA
05075,Lawrence County,AR,NA
05077,Lee County,AR,NA
05079,Lincoln County,AR,NA
05081,Little River County,AR,NA
05083,Logan County,AR,NA
05085,Lonoke County,AR,NA
05087,Madison County,AR,NA
05089,Marion County,AR,NA
05091,Miller County,AR,NA
05093,Mississippi County,AR,NA
05095,Monroe County,AR,NA
05097,Montgomery County,AR,NA
05099,Nevada County,AR,NA
05103,Ouachita County,AR,NA
05105,Perry County,AR,NA
05107,Phillips County,AR,NA
05109,Pike County,AR,NA
05111,Poinsett County,AR,NA
05113,Polk County,AR,NA
05115,Pope County,AR,NA
05119,Pulaski County,AR,NA
05121,Randolph County,AR,NA
05123,St. Francis County,AR,NA
05125,Saline County,AR,NA
05127,Scott County,AR,NA
05129,Searcy County,AR,NA
05131,Sebastian County,AR,NA
05133,Sevier County,AR,NA
05135,Sharp County,AR,NA
05137,Stone County,AR,NA
05139,Union County,AR,NA
05141,Van Buren County,AR,NA
05143,Washington County,AR,NA
05145,White County,AR,NA
05149,Yell County,AR,NA
06001,Alameda County,CA,NA
06005,Amador County,CA,NA
06007,Butte County,CA,NA
06009,Calaveras County,CA,NA
06011,Colusa County,CA,NA
06013,Contra Costa County,CA,NA
06015,Del Norte County,CA,NA
06017,El Dorado County,CA,42.90780141843972
06019,Fresno County,CA,26.24113475177305
06021,Glenn County,CA,NA
06023,Humboldt County,CA,NA
06025,Imperial County,CA,NA
06027,Inyo County,CA,NA
06029,Kern County,CA,54.96453900709219
06031,Kings County,CA,NA
06033,Lake County,CA,NA
06035,Lassen County,CA,NA
06037,Los Angeles County,CA,14.184397163120568
06039,Madera County,CA,NA
06041,Marin County,CA,NA
06043,Mariposa County,CA,NA
06045,Mendocino County,CA,NA
06047,Merced County,CA,NA
06049,Modoc County,CA,NA
06051,Mono County,CA,NA
06053,Monterey County,CA,NA
06055,Napa County,CA,NA
06057,Nevada County,CA,NA
06059,Orange County,CA,6.028368794326241
06061,Placer County,CA,70.92198581560284
06063,Plumas County,CA,NA
06065,Riverside County,CA,9.219858156028367
06067,Sacramento County,CA,7.446808510638298
06069,San Benito County,CA,NA
06071,San Bernardino County,CA,NA
06073,San Diego County,CA,12.76595744680851
06075,San Francisco County,CA,NA
06077,San Joaquin County,CA,50.70921985815603
06079,San Luis Obispo County,CA,NA
06081,San Mateo County,CA,12.411347517730496
06083,Santa Barbara County,CA,NA
06085,Santa Clara County,CA,26.595744680851062
06087,Santa Cruz County,CA,NA
06089,Shasta County,CA,NA
06093,Siskiyou County,CA,NA
06095,Solano County,CA,NA
06097,Sonoma County,CA,NA
06099,Stanislaus County,CA,69.8581560283688
06101,Sutter County,CA,NA
06103,Tehama County,CA,NA
06105,Trinity County,CA,NA
06107,Tulare County,CA,NA
06109,Tuolumne County,CA,67.73049645390071
06111,Ventura County,CA,NA
06113,Yolo County,CA,NA
06115,Yuba County,CA,91.84397163120568
08001,Adams County,CO,29.432624113475175
08003,Alamosa County,CO,NA
08005,Arapahoe County,CO,NA
08007,Archuleta County,CO,NA
08011,Bent County,CO,NA
08013,Boulder County,CO,NA
08014,Broomfield County,CO,NA
08015,Chaffee County,CO,NA
08021,Conejos County,CO,NA
08027,Custer County,CO,NA
08029,Delta County,CO,NA
08031,Denver County,CO,16.312056737588655
08035,Douglas County,CO,45.0354609929078
08037,Eagle County,CO,NA
08039,Elbert County,CO,NA
08041,El Paso County,CO,39.00709219858156
08043,Fremont County,CO,NA
08045,Garfield County,CO,85.46099290780141
08051,Gunnison County,CO,NA
08055,Huerfano County,CO,NA
08059,Jefferson County,CO,NA
08063,Kit Carson County,CO,NA
08065,Lake County,CO,NA
08067,La Plata County,CO,NA
08069,Larimer County,CO,26.95035460992908
08071,Las Animas County,CO,NA
08075,Logan County,CO,NA
08077,Mesa County,CO,NA
08081,Moffat County,CO,NA
08083,Montezuma County,CO,NA
08085,Montrose County,CO,NA
08087,Morgan County,CO,NA
08089,Otero County,CO,NA
08093,Park County,CO,99.29078014184397
08095,Phillips County,CO,NA
08097,Pitkin County,CO,NA
08099,Prowers County,CO,NA
08101,Pueblo County,CO,NA
08105,Rio Grande County,CO,NA
08107,Routt County,CO,NA
08109,Saguache County,CO,NA
08111,San Juan County,CO,NA
08113,San Miguel County,CO,NA
08117,Summit County,CO,NA
08119,Teller County,CO,NA
08123,Weld County,CO,30.851063829787233
08125,Yuma County,CO,NA
09001,Fairfield County,CT,19.858156028368796
09003,Hartford County,CT,NA
09005,Litchfield County,CT,NA
09007,Middlesex County,CT,NA
09009,New Haven County,CT,NA
09011,New London County,CT,NA
09013,Tolland County,CT,NA
09015,Windham County,CT,NA
10001,Kent County,DE,76.95035460992908
10003,New Castle County,DE,NA
10005,Sussex County,DE,20.56737588652482
11001,District of Columbia,DC,12.056737588652481
12001,Alachua County,FL,NA
12003,Baker County,FL,NA
12005,Bay County,FL,NA
12007,Bradford County,FL,NA
12009,Brevard County,FL,NA
12011,Broward County,FL,NA
12013,Calhoun County,FL,NA
12015,Charlotte County,FL,40.42553191489361
12017,Citrus County,FL,NA
12019,Clay County,FL,NA
12021,Collier County,FL,61.702127659574465
12023,Columbia County,FL,NA
12027,DeSoto County,FL,NA
12029,Dixie County,FL,NA
12031,Duval County,FL,31.560283687943265
12033,Escambia County,FL,NA
12035,Flagler County,FL,NA
12037,Franklin County,FL,NA
12039,Gadsden County,FL,NA
12041,Gilchrist County,FL,NA
12043,Glades County,FL,NA
12045,Gulf County,FL,NA
12047,Hamilton County,FL,NA
12049,Hardee County,FL,NA
12051,Hendry County,FL,NA
12053,Hernando County,FL,43.97163120567376
12055,Highlands County,FL,NA
12057,Hillsborough County,FL,7.092198581560284
12059,Holmes County,FL,NA
12061,Indian River County,FL,NA
12063,Jackson County,FL,NA
12065,Jefferson County,FL,NA
12067,Lafayette County,FL,NA
12069,Lake County,FL,19.50354609929078
12071,Lee County,FL,NA
12073,Leon County,FL,NA
12075,Levy County,FL,NA
12077,Liberty County,FL,NA
12079,Madison County,FL,NA
12081,Manatee County,FL,24.46808510638298
12083,Marion County,FL,NA
12085,Martin County,FL,NA
12086,Miami-Dade County,FL,1.0638297872340425
12087,Monroe County,FL,NA
12089,Nassau County,FL,NA
12091,Okaloosa County,FL,NA
12093,Okeechobee County,FL,NA
12095,Orange County,FL,NA
12097,Osceola County,FL,38.652482269503544
12099,Palm Beach County,FL,3.900709219858156
12101,Pasco County,FL,34.751773049645394
12103,Pinellas County,FL,7.801418439716312
12105,Polk County,FL,13.120567375886525
12107,Putnam County,FL,NA
12109,St. Johns County,FL,NA
12111,St. Lucie County,FL,NA
12113,Santa Rosa County,FL,NA
12115,Sarasota County,FL,NA
12117,Seminole County,FL,NA
12119,Sumter County,FL,NA
12121,Suwannee County,FL,NA
12123,Taylor County,FL,NA
12125,Union County,FL,NA
12127,Volusia County,FL,NA
12129,Wakulla County,FL,NA
12131,Walton County,FL,NA
12133,Washington County,FL,NA
13001,Appling County,GA,NA
13003,Atkinson County,GA,NA
13005,Bacon County,GA,NA
13009,Baldwin County,GA,NA
13011,Banks County,GA,NA
13013,Barrow County,GA,NA
13015,Bartow County,GA,NA
13017,Ben Hill County,GA,NA
13019,Berrien County,GA,NA
13021,Bibb County,GA,53.54609929078015
13023,Bleckley County,GA,NA
13025,Brantley County,GA,NA
13027,Brooks County,GA,NA
13029,Bryan County,GA,NA
13031,Bulloch County,GA,NA
13033,Burke County,GA,NA
13035,Butts County,GA,97.87234042553192
13037,Calhoun County,GA,NA
13039,Camden County,GA,NA
13043,Candler County,GA,NA
13045,Carroll County,GA,NA
13047,Catoosa County,GA,NA
13049,Charlton County,GA,NA
13051,Chatham County,GA,NA
13055,Chattooga County,GA,NA
13057,Cherokee County,GA,NA
13059,Clarke County,GA,NA
13061,Clay County,GA,NA
13063,Clayton County,GA,NA
13065,Clinch County,GA,NA
13067,Cobb County,GA,56.38297872340425
13069,Coffee County,GA,NA
13071,Colquitt County,GA,NA
13073,Columbia County,GA,NA
13075,Cook County,GA,NA
13077,Coweta County,GA,NA
13079,Crawford County,GA,NA
13081,Crisp County,GA,NA
13083,Dade County,GA,NA
13085,Dawson County,GA,NA
13087,Decatur County,GA,NA
13089,DeKalb County,GA,NA
13091,Dodge County,GA,NA
13093,Dooly County,GA,NA
13095,Dougherty County,GA,NA
13097,Douglas County,GA,64.18439716312056
13099,Early County,GA,NA
13103,Effingham County,GA,NA
13105,Elbert County,GA,95.0354609929078
13107,Emanuel County,GA,NA
13109,Evans County,GA,NA
13111,Fannin County,GA,NA
13113,Fayette County,GA,NA
13115,Floyd County,GA,NA
13117,Forsyth County,GA,NA
13119,Franklin County,GA,NA
13121,Fulton County,GA,NA
13123,Gilmer County,GA,NA
13127,Glynn County,GA,NA
13129,Gordon County,GA,NA
13131,Grady County,GA,NA
13133,Greene County,GA,NA
13135,Gwinnett County,GA,NA
13137,Habersham County,GA,NA
13139,Hall County,GA,NA
13141,Hancock County,GA,NA
13143,Haralson County,GA,NA
13145,Harris County,GA,NA
13147,Hart County,GA,NA
13149,Heard County,GA,NA
13151,Henry County,GA,NA
13153,Houston County,GA,NA
13155,Irwin County,GA,NA
13157,Jackson County,GA,NA
13159,Jasper County,GA,NA
13161,Jeff Davis County,GA,NA
13163,Jefferson County,GA,NA
13165,Jenkins County,GA,NA
13167,Johnson County,GA,NA
13169,Jones County,GA,NA
13171,Lamar County,GA,NA
13173,Lanier County,GA,NA
13175,Laurens County,GA,87.58865248226951
13177,Lee County,GA,NA
13179,Liberty County,GA,NA
13181,Lincoln County,GA,NA
13183,Long County,GA,NA
13185,Lowndes County,GA,NA
13187,Lumpkin County,GA,93.97163120567376
13189,McDuffie County,GA,NA
13191,McIntosh County,GA,NA
13193,Macon County,GA,NA
13195,Madison County,GA,NA
13197,Marion County,GA,NA
13199,Meriwether County,GA,NA
13201,Miller County,GA,NA
13205,Mitchell County,GA,NA
13207,Monroe County,GA,NA
13211,Morgan County,GA,95.74468085106383
13213,Murray County,GA,NA
13215,Muscogee County,GA,NA
13217,Newton County,GA,NA
13219,Oconee County,GA,NA
13223,Paulding County,GA,70.56737588652481
13225,Peach County,GA,NA
13227,Pickens County,GA,NA
13229,Pierce County,GA,NA
13231,Pike County,GA,NA
13233,Polk County,GA,NA
13235,Pulaski County,GA,NA
13237,Putnam County,GA,NA
13239,Quitman County,GA,NA
13241,Rabun County,GA,NA
13243,Randolph County,GA,NA
13245,Richmond County,GA,NA
13247,Rockdale County,GA,NA
13249,Schley County,GA,NA
13251,Screven County,GA,NA
13253,Seminole County,GA,NA
13255,Spalding County,GA,NA
13257,Stephens County,GA,90.78014184397163
13261,Sumter County,GA,NA
13263,Talbot County,GA,NA
13267,Tattnall County,GA,NA
13269,Taylor County,GA,NA
13271,Telfair County,GA,NA
13273,Terrell County,GA,NA
13275,Thomas County,GA,NA
13277,Tift County,GA,NA
13279,Toombs County,GA,NA
13281,Towns County,GA,NA
13283,Treutlen County,GA,NA
13285,Troup County,GA,NA
13287,Turner County,GA,NA
13289,Twiggs County,GA,NA
13291,Union County,GA,NA
13293,Upson County,GA,NA
13295,Walker County,GA,69.14893617021278
13297,Walton County,GA,NA
13299,Ware County,GA,NA
13301,Warren County,GA,NA
13303,Washington County,GA,NA
13305,Wayne County,GA,NA
13309,Wheeler County,GA,NA
13311,White County,GA,NA
13313,Whitfield County,GA,NA
13315,Wilcox County,GA,NA
13317,Wilkes County,GA,NA
13319,Wilkinson County,GA,NA
13321,Worth County,GA,NA
15001,Hawaii County,HI,59.21985815602837
15003,Honolulu County,HI,6.73758865248227
15007,Kauai County,HI,NA
15009,Maui County,HI,NA
16001,Ada County,ID,NA
16005,Bannock County,ID,NA
16009,Benewah County,ID,NA
16011,Bingham County,ID,NA
16013,Blaine County,ID,NA
16017,Bonner County,ID,NA
16019,Bonneville County,ID,NA
16021,Boundary County,ID,NA
16027,Canyon County,ID,NA
16029,Caribou County,ID,NA
16031,Cassia County,ID,NA
16035,Clearwater County,ID,NA
16039,Elmore County,ID,NA
16041,Franklin County,ID,NA
16043,Fremont County,ID,NA
16045,Gem County,ID,NA
16047,Gooding County,ID,NA
16049,Idaho County,ID,NA
16051,Jefferson County,ID,NA
16053,Jerome County,ID,NA
16055,Kootenai County,ID,NA
16057,Latah County,ID,NA
16059,Lemhi County,ID,NA
16065,Madison County,ID,NA
16067,Minidoka County,ID,NA
16069,Nez Perce County,ID,NA
16071,Oneida County,ID,NA
16073,Owyhee County,ID,NA
16075,Payette County,ID,NA
16077,Power County,ID,NA
16081,Teton County,ID,NA
16083,Twin Falls County,ID,NA
16085,Valley County,ID,NA
16087,Washington County,ID,NA
17001,Adams County,IL,NA
17003,Alexander County,IL,NA
17005,Bond County,IL,NA
17007,Boone County,IL,NA
17009,Brown County,IL,NA
17011,Bureau County,IL,NA
17015,Carroll County,IL,NA
17017,Cass County,IL,NA
17019,Champaign County,IL,NA
17021,Christian County,IL,NA
17023,Clark County,IL,NA
17025,Clay County,IL,NA
17027,Clinton County,IL,NA
17029,Coles County,IL,NA
17031,Cook County,IL,15.957446808510639
17033,Crawford County,IL,NA
17035,Cumberland County,IL,NA
17037,DeKalb County,IL,NA
17039,De Witt County,IL,NA
17041,Douglas County,IL,NA
17043,DuPage County,IL,4.964539007092199
17045,Edgar County,IL,NA
17047,Edwards County,IL,NA
17049,Effingham County,IL,NA
17051,Fayette County,IL,NA
17053,Ford County,IL,NA
17055,Franklin County,IL,NA
17057,Fulton County,IL,NA
17061,Greene County,IL,NA
17063,Grundy County,IL,NA
17065,Hamilton County,IL,NA
17067,Hancock County,IL,NA
17073,Henry County,IL,NA
17075,Iroquois County,IL,NA
17077,Jackson County,IL,NA
17079,Jasper County,IL,NA
17081,Jefferson County,IL,NA
17083,Jersey County,IL,NA
17085,Jo Daviess County,IL,NA
17087,Johnson County,IL,NA
17089,Kane County,IL,18.79432624113475
17091,Kankakee County,IL,73.75886524822694
17093,Kendall County,IL,NA
17095,Knox County,IL,NA
17097,Lake County,IL,NA
17099,LaSalle County,IL,NA
17101,Lawrence County,IL,NA
17103,Lee County,IL,NA
17105,Livingston County,IL,NA
17107,Logan County,IL,NA
17109,McDonough County,IL,NA
17111,McHenry County,IL,NA
17113,McLean County,IL,NA
17115,Macon County,IL,NA
17117,Macoupin County,IL,NA
17119,Madison County,IL,32.269503546099294
17121,Marion County,IL,NA
17125,Mason County,IL,NA
17127,Massac County,IL,NA
17129,Menard County,IL,NA
17131,Mercer County,IL,NA
17133,Monroe County,IL,NA
17135,Montgomery County,IL,NA
17137,Morgan County,IL,NA
17139,Moultrie County,IL,NA
17141,Ogle County,IL,NA
17143,Peoria County,IL,NA
17145,Perry County,IL,NA
17147,Piatt County,IL,NA
17149,Pike County,IL,NA
17157,Randolph County,IL,NA
17159,Richland County,IL,NA
17161,Rock Island County,IL,NA
17163,St. Clair County,IL,NA
17165,Saline County,IL,NA
17167,Sangamon County,IL,NA
17169,Schuyler County,IL,NA
17171,Scott County,IL,NA
17173,Shelby County,IL,NA
17177,Stephenson County,IL,NA
17179,Tazewell County,IL,60.99290780141844
17181,Union County,IL,NA
17183,Vermilion County,IL,NA
17185,Wabash County,IL,NA
17187,Warren County,IL,NA
17189,Washington County,IL,NA
17191,Wayne County,IL,NA
17193,White County,IL,NA
17195,Whiteside County,IL,NA
17197,Will County,IL,NA
17199,Williamson County,IL,NA
17201,Winnebago County,IL,25.886524822695034
17203,Woodford County,IL,NA
18001,Adams County,IN,NA
18003,Allen County,IN,NA
18005,Bartholomew County,IN,NA
18007,Benton County,IN,NA
18009,Blackford County,IN,NA
18011,Boone County,IN,NA
18013,Brown County,IN,NA
18015,Carroll County,IN,NA
18017,Cass County,IN,NA
18019,Clark County,IN,NA
18021,Clay County,IN,NA
18023,Clinton County,IN,NA
18027,Daviess County,IN,NA
18029,Dearborn County,IN,NA
18031,Decatur County,IN,NA
18033,DeKalb County,IN,NA
18035,Delaware County,IN,NA
18037,Dubois County,IN,NA
18039,Elkhart County,IN,NA
18041,Fayette County,IN,NA
18043,Floyd County,IN,NA
18045,Fountain County,IN,NA
18047,Franklin County,IN,NA
18049,Fulton County,IN,NA
18051,Gibson County,IN,NA
18053,Grant County,IN,NA
18055,Greene County,IN,NA
18057,Hamilton County,IN,NA
18059,Hancock County,IN,75.177304964539
18061,Harrison County,IN,NA
18063,Hendricks County,IN,NA
18065,Henry County,IN,NA
18067,Howard County,IN,80.85106382978722
18069,Huntington County,IN,NA
18071,Jackson County,IN,NA
18073,Jasper County,IN,NA
18075,Jay County,IN,NA
18077,Jefferson County,IN,NA
18079,Jennings County,IN,NA
18081,Johnson County,IN,NA
18083,Knox County,IN,NA
18085,Kosciusko County,IN,NA
18087,LaGrange County,IN,NA
18089,Lake County,IN,NA
18091,LaPorte County,IN,53.90070921985816
18093,Lawrence County,IN,NA
18095,Madison County,IN,NA
18097,Marion County,IN,24.822695035460992
18099,Marshall County,IN,NA
18101,Martin County,IN,NA
18103,Miami County,IN,NA
18105,Monroe County,IN,79.43262411347519
18107,Montgomery County,IN,NA
18109,Morgan County,IN,NA
18111,Newton County,IN,NA
18113,Noble County,IN,NA
18115,Ohio County,IN,NA
18117,Orange County,IN,NA
18119,Owen County,IN,NA
18121,Parke County,IN,NA
18123,Perry County,IN,NA
18125,Pike County,IN,NA
18127,Porter County,IN,NA
18129,Posey County,IN,NA
18131,Pulaski County,IN,NA
18133,Putnam County,IN,NA
18135,Randolph County,IN,NA
18137,Ripley County,IN,NA
18139,Rush County,IN,NA
18141,St. Joseph County,IN,NA
18143,Scott County,IN,NA
18145,Shelby County,IN,NA
18147,Spencer County,IN,NA
18149,Starke County,IN,NA
18151,Steuben County,IN,NA
18153,Sullivan County,IN,NA
18155,Switzerland County,IN,NA
18157,Tippecanoe County,IN,NA
18159,Tipton County,IN,NA
18161,Union County,IN,NA
18163,Vanderburgh County,IN,NA
18165,Vermillion County,IN,NA
18167,Vigo County,IN,NA
18169,Wabash County,IN,NA
18171,Warren County,IN,NA
18173,Warrick County,IN,NA
18175,Washington County,IN,97.51773049645391
18177,Wayne County,IN,66.66666666666666
18179,Wells County,IN,NA
18181,White County,IN,93.26241134751773
18183,Whitley County,IN,92.19858156028369
19005,Allamakee County,IA,NA
19007,Appanoose County,IA,NA
19011,Benton County,IA,NA
19013,Black Hawk County,IA,NA
19015,Boone County,IA,NA
19017,Bremer County,IA,NA
19019,Buchanan County,IA,NA
19021,Buena Vista County,IA,NA
19027,Carroll County,IA,NA
19029,Cass County,IA,NA
19031,Cedar County,IA,NA
19033,Cerro Gordo County,IA,NA
19035,Cherokee County,IA,NA
19037,Chickasaw County,IA,NA
19039,Clarke County,IA,NA
19041,Clay County,IA,NA
19043,Clayton County,IA,NA
19045,Clinton County,IA,NA
19047,Crawford County,IA,NA
19049,Dallas County,IA,NA
19051,Davis County,IA,NA
19053,Decatur County,IA,NA
19055,Delaware County,IA,NA
19057,Des Moines County,IA,NA
19059,Dickinson County,IA,NA
19061,Dubuque County,IA,78.72340425531915
19063,Emmet County,IA,NA
19065,Fayette County,IA,NA
19067,Floyd County,IA,NA
19069,Franklin County,IA,NA
19071,Fremont County,IA,NA
19073,Greene County,IA,NA
19077,Guthrie County,IA,NA
19079,Hamilton County,IA,NA
19083,Hardin County,IA,NA
19085,Harrison County,IA,NA
19087,Henry County,IA,94.68085106382979
19089,Howard County,IA,NA
19091,Humboldt County,IA,NA
19095,Iowa County,IA,NA
19097,Jackson County,IA,NA
19099,Jasper County,IA,NA
19101,Jefferson County,IA,NA
19103,Johnson County,IA,57.446808510638306
19105,Jones County,IA,NA
19109,Kossuth County,IA,NA
19111,Lee County,IA,NA
19113,Linn County,IA,NA
19115,Louisa County,IA,NA
19117,Lucas County,IA,NA
19121,Madison County,IA,NA
19123,Mahaska County,IA,NA
19125,Marion County,IA,NA
19127,Marshall County,IA,NA
19129,Mills County,IA,NA
19131,Mitchell County,IA,NA
19133,Monona County,IA,NA
19135,Monroe County,IA,NA
19137,Montgomery County,IA,NA
19139,Muscatine County,IA,NA
19141,O'Brien County,IA,NA
19143,Osceola County,IA,NA
19145,Page County,IA,NA
19147,Palo Alto County,IA,NA
19149,Plymouth County,IA,NA
19153,Polk County,IA,NA
19155,Pottawattamie County,IA,NA
19157,Poweshiek County,IA,NA
19161,Sac County,IA,NA
19163,Scott County,IA,NA
19165,Shelby County,IA,NA
19167,Sioux County,IA,NA
19169,Story County,IA,NA
19171,Tama County,IA,NA
19175,Union County,IA,NA
19179,Wapello County,IA,NA
19181,Warren County,IA,NA
19183,Washington County,IA,NA
19185,Wayne County,IA,NA
19187,Webster County,IA,NA
19189,Winnebago County,IA,NA
19191,Winneshiek County,IA,NA
19193,Woodbury County,IA,NA
19197,Wright County,IA,NA
20001,Allen County,KS,NA
20003,Anderson County,KS,NA
20005,Atchison County,KS,NA
20009,Barton County,KS,NA
20011,Bourbon County,KS,NA
20013,Brown County,KS,NA
20015,Butler County,KS,NA
20021,Cherokee County,KS,NA
20027,Clay County,KS,NA
20029,Cloud County,KS,NA
20031,Coffey County,KS,NA
20035,Cowley County,KS,NA
20037,Crawford County,KS,NA
20041,Dickinson County,KS,NA
20043,Doniphan County,KS,NA
20045,Douglas County,KS,NA
20051,Ellis County,KS,NA
20053,Ellsworth County,KS,NA
20055,Finney County,KS,NA
20057,Ford County,KS,NA
20059,Franklin County,KS,NA
20061,Geary County,KS,NA
20067,Grant County,KS,NA
20069,Gray County,KS,NA
20073,Greenwood County,KS,NA
20077,Harper County,KS,NA
20079,Harvey County,KS,NA
20081,Haskell County,KS,NA
20085,Jackson County,KS,NA
20087,Jefferson County,KS,NA
20091,Johnson County,KS,NA
20093,Kearny County,KS,NA
20095,Kingman County,KS,NA
20099,Labette County,KS,NA
20103,Leavenworth County,KS,NA
20107,Linn County,KS,NA
20109,Logan County,KS,NA
20111,Lyon County,KS,NA
20113,McPherson County,KS,NA
20115,Marion County,KS,NA
20117,Marshall County,KS,NA
20119,Meade County,KS,NA
20121,Miami County,KS,NA
20123,Mitchell County,KS,NA
20125,Montgomery County,KS,NA
20127,Morris County,KS,NA
20131,Nemaha County,KS,NA
20133,Neosho County,KS,NA
20135,Ness County,KS,NA
20137,Norton County,KS,NA
20139,Osage County,KS,NA
20141,Osborne County,KS,NA
20143,Ottawa County,KS,NA
20145,Pawnee County,KS,NA
20147,Phillips County,KS,NA
20149,Pottawatomie County,KS,NA
20151,Pratt County,KS,NA
20155,Reno County,KS,NA
20157,Republic County,KS,NA
20159,Rice County,KS,NA
20161,Riley County,KS,NA
20167,Russell County,KS,NA
20169,Saline County,KS,NA
20171,Scott County,KS,NA
20173,Sedgwick County,KS,NA
20175,Seward County,KS,NA
20177,Shawnee County,KS,NA
20179,Sheridan County,KS,NA
20181,Sherman County,KS,NA
20185,Stafford County,KS,NA
20187,Stanton County,KS,NA
20189,Stevens County,KS,NA
20191,Sumner County,KS,NA
20193,Thomas County,KS,NA
20205,Wilson County,KS,NA
20209,Wyandotte County,KS,NA
21001,Adair County,KY,NA
21003,Allen County,KY,NA
21005,Anderson County,KY,NA
21007,Ballard County,KY,NA
21009,Barren County,KY,NA
21011,Bath County,KY,NA
21013,Bell County,KY,NA
21015,Boone County,KY,55.319148936170215
21017,Bourbon County,KY,91.13475177304964
21019,Boyd County,KY,NA
21021,Boyle County,KY,NA
21023,Bracken County,KY,NA
21025,Breathitt County,KY,NA
21027,Breckinridge County,KY,NA
21029,Bullitt County,KY,NA
21031,Butler County,KY,NA
21033,Caldwell County,KY,NA
21035,Calloway County,KY,97.16312056737588
21037,Campbell County,KY,NA
21039,Carlisle County,KY,NA
21041,Carroll County,KY,NA
21043,Carter County,KY,NA
21045,Casey County,KY,NA
21047,Christian County,KY,NA
21049,Clark County,KY,NA
21051,Clay County,KY,NA
21053,Clinton County,KY,NA
21055,Crittenden County,KY,NA
21057,Cumberland County,KY,NA
21059,Daviess County,KY,NA
21061,Edmonson County,KY,NA
21063,Elliott County,KY,NA
21065,Estill County,KY,NA
21067,Fayette County,KY,57.801418439716315
21069,Fleming County,KY,NA
21071,Floyd County,KY,NA
21075,Fulton County,KY,NA
21077,Gallatin County,KY,NA
21079,Garrard County,KY,NA
21081,Grant County,KY,NA
21083,Graves County,KY,NA
21085,Grayson County,KY,NA
21087,Green County,KY,NA
21089,Greenup County,KY,NA
21091,Hancock County,KY,NA
21093,Hardin County,KY,NA
21095,Harlan County,KY,NA
21097,Harrison County,KY,NA
21099,Hart County,KY,NA
21101,Henderson County,KY,NA
21103,Henry County,KY,NA
21105,Hickman County,KY,NA
21107,Hopkins County,KY,NA
21109,Jackson County,KY,NA
21111,Jefferson County,KY,NA
21113,Jessamine County,KY,NA
21115,Johnson County,KY,NA
21117,Kenton County,KY,NA
21119,Knott County,KY,NA
21121,Knox County,KY,NA
21123,Larue County,KY,NA
21125,Laurel County,KY,NA
21127,Lawrence County,KY,NA
21129,Lee County,KY,NA
21131,Leslie County,KY,NA
21133,Letcher County,KY,NA
21135,Lewis County,KY,NA
21137,Lincoln County,KY,NA
21139,Livingston County,KY,NA
21141,Logan County,KY,NA
21143,Lyon County,KY,NA
21145,McCracken County,KY,NA
21147,McCreary County,KY,NA
21149,McLean County,KY,NA
21151,Madison County,KY,67.37588652482269
21153,Magoffin County,KY,NA
21155,Marion County,KY,NA
21157,Marshall County,KY,NA
21159,Martin County,KY,NA
21161,Mason County,KY,NA
21163,Meade County,KY,NA
21165,Menifee County,KY,NA
21167,Mercer County,KY,NA
21169,Metcalfe County,KY,NA
21171,Monroe County,KY,NA
21173,Montgomery County,KY,NA
21175,Morgan County,KY,NA
21177,Muhlenberg County,KY,NA
21179,Nelson County,KY,NA
21181,Nicholas County,KY,NA
21183,Ohio County,KY,NA
21185,Oldham County,KY,NA
21187,Owen County,KY,NA
21189,Owsley County,KY,NA
21191,Pendleton County,KY,NA
21193,Perry County,KY,NA
21195,Pike County,KY,NA
21197,Powell County,KY,NA
21199,Pulaski County,KY,NA
21203,Rockcastle County,KY,NA
21205,Rowan County,KY,NA
21207,Russell County,KY,NA
21209,Scott County,KY,NA
21211,Shelby County,KY,NA
21213,Simpson County,KY,NA
21215,Spencer County,KY,NA
21217,Taylor County,KY,NA
21219,Todd County,KY,NA
21221,Trigg County,KY,NA
21223,Trimble County,KY,NA
21225,Union County,KY,NA
21227,Warren County,KY,88.65248226950354
21229,Washington County,KY,NA
21231,Wayne County,KY,NA
21233,Webster County,KY,NA
21235,Whitley County,KY,86.17021276595744
21237,Wolfe County,KY,NA
21239,Woodford County,KY,94.32624113475178
22001,Acadia Parish,LA,NA
22003,Allen Parish,LA,NA
22005,Ascension Parish,LA,79.07801418439716
22007,Assumption Parish,LA,NA
22009,Avoyelles Parish,LA,NA
22011,Beauregard Parish,LA,NA
22013,Bienville Parish,LA,NA
22015,Bossier Parish,LA,NA
22017,Caddo Parish,LA,NA
22019,Calcasieu Parish,LA,NA
22021,Caldwell Parish,LA,NA
22025,Catahoula Parish,LA,NA
22027,Claiborne Parish,LA,NA
22029,Concordia Parish,LA,NA
22031,De Soto Parish,LA,NA
22033,East Baton Rouge Parish,LA,83.33333333333334
22035,East Carroll Parish,LA,NA
22037,East Feliciana Parish,LA,NA
22039,Evangeline Parish,LA,NA
22041,Franklin Parish,LA,NA
22043,Grant Parish,LA,NA
22045,Iberia Parish,LA,60.63829787234043
22047,Iberville Parish,LA,NA
22049,Jackson Parish,LA,NA
22051,Jefferson Parish,LA,NA
22053,Jefferson Davis Parish,LA,NA
22055,Lafayette Parish,LA,NA
22057,Lafourche Parish,LA,NA
22059,La Salle Parish,LA,NA
22061,Lincoln Parish,LA,NA
22063,Livingston Parish,LA,NA
22065,Madison Parish,LA,NA
22067,Morehouse Parish,LA,NA
22069,Natchitoches Parish,LA,NA
22071,Orleans Parish,LA,NA
22073,Ouachita Parish,LA,34.39716312056738
22075,Plaquemines Parish,LA,NA
22077,Pointe Coupee Parish,LA,NA
22079,Rapides Parish,LA,NA
22081,Red River Parish,LA,NA
22083,Richland Parish,LA,NA
22085,Sabine Parish,LA,NA
22087,St. Bernard Parish,LA,NA
22089,St. Charles Parish,LA,NA
22091,St. Helena Parish,LA,NA
22093,St. James Parish,LA,NA
22095,St. John the Baptist Parish,LA,NA
22097,St. Landry Parish,LA,NA
22099,St. Martin Parish,LA,NA
22101,St. Mary Parish,LA,NA
22103,St. Tammany Parish,LA,NA
22105,Tangipahoa Parish,LA,NA
22109,Terrebonne Parish,LA,NA
22111,Union Parish,LA,NA
22113,Vermilion Parish,LA,NA
22115,Vernon Parish,LA,NA
22117,Washington Parish,LA,NA
22119,Webster Parish,LA,NA
22121,West Baton Rouge Parish,LA,NA
22123,West Carroll Parish,LA,NA
22125,West Feliciana Parish,LA,NA
22127,Winn Parish,LA,NA
23001,Androscoggin County,ME,NA
23003,Aroostook County,ME,NA
23005,Cumberland County,ME,20.921985815602838
23007,Franklin County,ME,NA
23009,Hancock County,ME,NA
23011,Kennebec County,ME,NA
23013,Knox County,ME,NA
23015,Lincoln County,ME,NA
23017,Oxford County,ME,80.49645390070921
23019,Penobscot County,ME,63.829787234042556
23021,Piscataquis County,ME,NA
23023,Sagadahoc County,ME,NA
23025,Somerset County,ME,NA
23027,Waldo County,ME,NA
23029,Washington County,ME,NA
23031,York County,ME,21.98581560283688
24001,Allegany County,MD,NA
24003,Anne Arundel County,MD,21.631205673758867
24005,Baltimore County,MD,NA
24009,Calvert County,MD,NA
24011,Caroline County,MD,NA
24013,Carroll County,MD,NA
24015,Cecil County,MD,NA
24017,Charles County,MD,NA
24019,Dorchester County,MD,NA
24021,Frederick County,MD,NA
24023,Garrett County,MD,NA
24025,Harford County,MD,42.198581560283685
24027,Howard County,MD,NA
24029,Kent County,MD,NA
24031,Montgomery County,MD,NA
24033,Prince George's County,MD,18.439716312056735
24035,Queen Anne's County,MD,NA
24037,St. Mary's County,MD,NA
24039,Somerset County,MD,NA
24041,Talbot County,MD,NA
24043,Washington County,MD,NA
24045,Wicomico County,MD,NA
24047,Worcester County,MD,NA
24510,Baltimore city,MD,NA
25001,Barnstable County,MA,NA
25003,Berkshire County,MA,89.00709219858156
25005,Bristol County,MA,48.93617021276596
25007,Dukes County,MA,NA
25009,Essex County,MA,41.48936170212766
25011,Franklin County,MA,NA
25013,Hampden County,MA,32.62411347517731
25015,Hampshire County,MA,NA
25017,Middlesex County,MA,30.49645390070922
25019,Nantucket County,MA,NA
25021,Norfolk County,MA,52.4822695035461
25023,Plymouth County,MA,NA
25025,Suffolk County,MA,3.1914893617021276
25027,Worcester County,MA,48.226950354609926
26003,Alger County,MI,NA
26005,Allegan County,MI,NA
26007,Alpena County,MI,NA
26009,Antrim County,MI,NA
26011,Arenac County,MI,NA
26013,Baraga County,MI,NA
26015,Barry County,MI,NA
26017,Bay County,MI,NA
26019,Benzie County,MI,NA
26021,Berrien County,MI,NA
26023,Branch County,MI,NA
26025,Calhoun County,MI,63.47517730496454
26027,Cass County,MI,83.68794326241135
26029,Charlevoix County,MI,NA
26031,Cheboygan County,MI,NA
26033,Chippewa County,MI,NA
26035,Clare County,MI,NA
26037,Clinton County,MI,NA
26039,Crawford County,MI,NA
26041,Delta County,MI,NA
26043,Dickinson County,MI,NA
26045,Eaton County,MI,NA
26047,Emmet County,MI,NA
26049,Genesee County,MI,57.09219858156028
26051,Gladwin County,MI,NA
26053,Gogebic County,MI,NA
26055,Grand Traverse County,MI,NA
26057,Gratiot County,MI,NA
26059,Hillsdale County,MI,NA
26061,Houghton County,MI,NA
26063,Huron County,MI,NA
26065,Ingham County,MI,NA
26067,Ionia County,MI,NA
26069,Iosco County,MI,NA
26071,Iron County,MI,NA
26073,Isabella County,MI,NA
26075,Jackson County,MI,NA
26077,Kalamazoo County,MI,NA
26079,Kalkaska County,MI,NA
26081,Kent County,MI,19.148936170212767
26085,Lake County,MI,NA
26087,Lapeer County,MI,82.26950354609929
26089,Leelanau County,MI,NA
26091,Lenawee County,MI,NA
26093,Livingston County,MI,NA
26095,Luce County,MI,NA
26097,Mackinac County,MI,NA
26099,Macomb County,MI,2.8368794326241136
26101,Manistee County,MI,NA
26103,Marquette County,MI,NA
26105,Mason County,MI,NA
26107,Mecosta County,MI,NA
26109,Menominee County,MI,NA
26111,Midland County,MI,NA
26113,Missaukee County,MI,NA
26115,Monroe County,MI,36.52482269503546
26117,Montcalm County,MI,NA
26119,Montmorency County,MI,NA
26121,Muskegon County,MI,NA
26123,Newaygo County,MI,NA
26125,Oakland County,MI,8.156028368794328
26127,Oceana County,MI,NA
26129,Ogemaw County,MI,NA
26131,Ontonagon County,MI,NA
26133,Osceola County,MI,NA
26135,Oscoda County,MI,NA
26137,Otsego County,MI,NA
26139,Ottawa County,MI,NA
26141,Presque Isle County,MI,NA
26143,Roscommon County,MI,NA
26145,Saginaw County,MI,NA
26147,St. Clair County,MI,NA
26149,St. Joseph County,MI,NA
26151,Sanilac County,MI,NA
26153,Schoolcraft County,MI,NA
26155,Shiawassee County,MI,59.9290780141844
26157,Tuscola County,MI,NA
26159,Van Buren County,MI,NA
26161,Washtenaw County,MI,NA
26163,Wayne County,MI,29.078014184397162
26165,Wexford County,MI,NA
27001,Aitkin County,MN,NA
27003,Anoka County,MN,33.687943262411345
27005,Becker County,MN,NA
27007,Beltrami County,MN,NA
27009,Benton County,MN,NA
27011,Big Stone County,MN,NA
27013,Blue Earth County,MN,NA
27015,Brown County,MN,NA
27017,Carlton County,MN,NA
27019,Carver County,MN,NA
27021,Cass County,MN,NA
27023,Chippewa County,MN,NA
27025,Chisago County,MN,NA
27027,Clay County,MN,NA
27029,Clearwater County,MN,NA
27033,Cottonwood County,MN,NA
27035,Crow Wing County,MN,NA
27037,Dakota County,MN,NA
27039,Dodge County,MN,NA
27041,Douglas County,MN,NA
27043,Faribault County,MN,NA
27045,Fillmore County,MN,NA
27047,Freeborn County,MN,NA
27049,Goodhue County,MN,NA
27053,Hennepin County,MN,NA
27055,Houston County,MN,NA
27057,Hubbard County,MN,NA
27059,Isanti County,MN,NA
27061,Itasca County,MN,NA
27063,Jackson County,MN,NA
27065,Kanabec County,MN,NA
27067,Kandiyohi County,MN,NA
27069,Kittson County,MN,NA
27071,Koochiching County,MN,NA
27073,Lac qui Parle County,MN,NA
27077,Lake of the Woods County,MN,NA
27079,Le Sueur County,MN,NA
27081,Lincoln County,MN,NA
27083,Lyon County,MN,NA
27085,McLeod County,MN,NA
27089,Marshall County,MN,NA
27091,Martin County,MN,NA
27093,Meeker County,MN,NA
27095,Mille Lacs County,MN,NA
27097,Morrison County,MN,NA
27099,Mower County,MN,NA
27101,Murray County,MN,NA
27103,Nicollet County,MN,NA
27105,Nobles County,MN,NA
27107,Norman County,MN,NA
27109,Olmsted County,MN,NA
27111,Otter Tail County,MN,NA
27113,Pennington County,MN,NA
27115,Pine County,MN,98.22695035460993
27117,Pipestone County,MN,NA
27119,Polk County,MN,NA
27121,Pope County,MN,NA
27123,Ramsey County,MN,49.645390070921984
27125,Red Lake County,MN,NA
27127,Redwood County,MN,NA
27129,Renville County,MN,NA
27131,Rice County,MN,NA
27133,Rock County,MN,NA
27135,Roseau County,MN,NA
27137,St. Louis County,MN,NA
27139,Scott County,MN,NA
27141,Sherburne County,MN,NA
27143,Sibley County,MN,NA
27145,Stearns County,MN,NA
27147,Steele County,MN,NA
27149,Stevens County,MN,NA
27151,Swift County,MN,NA
27153,Todd County,MN,NA
27157,Wabasha County,MN,NA
27159,Wadena County,MN,NA
27161,Waseca County,MN,NA
27163,Washington County,MN,NA
27165,Watonwan County,MN,NA
27167,Wilkin County,MN,NA
27169,Winona County,MN,NA
27171,Wright County,MN,NA
27173,Yellow Medicine County,MN,NA
28001,Adams County,MS,NA
28003,Alcorn County,MS,NA
28005,Amite County,MS,NA
28007,Attala County,MS,NA
28009,Benton County,MS,NA
28011,Bolivar County,MS,NA
28013,Calhoun County,MS,99.64539007092199
28017,Chickasaw County,MS,NA
28019,Choctaw County,MS,NA
28021,Claiborne County,MS,NA
28023,Clarke County,MS,NA
28025,Clay County,MS,NA
28027,Coahoma County,MS,NA
28029,Copiah County,MS,NA
28031,Covington County,MS,NA
28033,DeSoto County,MS,NA
28035,Forrest County,MS,NA
28037,Franklin County,MS,NA
28039,George County,MS,NA
28041,Greene County,MS,NA
28043,Grenada County,MS,NA
28045,Hancock County,MS,NA
28047,Harrison County,MS,NA
28049,Hinds County,MS,NA
28051,Holmes County,MS,NA
28053,Humphreys County,MS,NA
28057,Itawamba County,MS,NA
28059,Jackson County,MS,51.06382978723404
28061,Jasper County,MS,NA
28063,Jefferson County,MS,NA
28065,Jefferson Davis County,MS,NA
28067,Jones County,MS,NA
28069,Kemper County,MS,NA
28071,Lafayette County,MS,NA
28073,Lamar County,MS,NA
28075,Lauderdale County,MS,NA
28077,Lawrence County,MS,NA
28079,Leake County,MS,NA
28081,Lee County,MS,NA
28083,Leflore County,MS,NA
28085,Lincoln County,MS,NA
28087,Lowndes County,MS,NA
28089,Madison County,MS,74.822695035461
28091,Marion County,MS,NA
28093,Marshall County,MS,NA
28095,Monroe County,MS,NA
28097,Montgomery County,MS,NA
28099,Neshoba County,MS,NA
28101,Newton County,MS,NA
28103,Noxubee County,MS,NA
28105,Oktibbeha County,MS,NA
28107,Panola County,MS,NA
28109,Pearl River County,MS,NA
28111,Perry County,MS,NA
28113,Pike County,MS,NA
28115,Pontotoc County,MS,NA
28117,Prentiss County,MS,NA
28119,Quitman County,MS,NA
28121,Rankin County,MS,NA
28123,Scott County,MS,NA
28125,Sharkey County,MS,NA
28127,Simpson County,MS,NA
28129,Smith County,MS,NA
28131,Stone County,MS,NA
28133,Sunflower County,MS,NA
28135,Tallahatchie County,MS,NA
28137,Tate County,MS,NA
28139,Tippah County,MS,NA
28141,Tishomingo County,MS,NA
28143,Tunica County,MS,NA
28145,Union County,MS,NA
28147,Walthall County,MS,NA
28149,Warren County,MS,NA
28151,Washington County,MS,NA
28153,Wayne County,MS,NA
28155,Webster County,MS,NA
28157,Wilkinson County,MS,NA
28159,Winston County,MS,NA
28161,Yalobusha County,MS,NA
28163,Yazoo County,MS,NA
29001,Adair County,MO,NA
29003,Andrew County,MO,NA
29005,Atchison County,MO,NA
29007,Audrain County,MO,NA
29009,Barry County,MO,NA
29011,Barton County,MO,NA
29013,Bates County,MO,NA
29015,Benton County,MO,NA
29017,Bollinger County,MO,NA
29019,Boone County,MO,NA
29021,Buchanan County,MO,NA
29023,Butler County,MO,NA
29025,Caldwell County,MO,NA
29027,Callaway County,MO,NA
29029,Camden County,MO,NA
29031,Cape Girardeau County,MO,NA
29033,Carroll County,MO,NA
29035,Carter County,MO,NA
29037,Cass County,MO,58.86524822695035
29039,Cedar County,MO,NA
29043,Christian County,MO,NA
29045,Clark County,MO,NA
29047,Clay County,MO,22.69503546099291
29049,Clinton County,MO,NA
29053,Cooper County,MO,NA
29055,Crawford County,MO,NA
29059,Dallas County,MO,NA
29061,Daviess County,MO,NA
29063,DeKalb County,MO,NA
29065,Dent County,MO,NA
29067,Douglas County,MO,NA
29069,Dunklin County,MO,NA
29071,Franklin County,MO,63.12056737588653
29073,Gasconade County,MO,NA
29075,Gentry County,MO,NA
29077,Greene County,MO,NA
29079,Grundy County,MO,NA
29081,Harrison County,MO,NA
29083,Henry County,MO,NA
29091,Howell County,MO,NA
29093,Iron County,MO,NA
29095,Jackson County,MO,3.546099290780142
29097,Jasper County,MO,NA
29099,Jefferson County,MO,NA
29101,Johnson County,MO,NA
29105,Laclede County,MO,NA
29107,Lafayette County,MO,NA
29109,Lawrence County,MO,NA
29111,Lewis County,MO,NA
29113,Lincoln County,MO,NA
29115,Linn County,MO,NA
29117,Livingston County,MO,NA
29119,McDonald County,MO,96.80851063829788
29121,Macon County,MO,NA
29123,Madison County,MO,NA
29125,Maries County,MO,NA
29127,Marion County,MO,90.0709219858156
29129,Mercer County,MO,NA
29131,Miller County,MO,NA
29133,Mississippi County,MO,NA
29135,Moniteau County,MO,NA
29137,Monroe County,MO,NA
29139,Montgomery County,MO,NA
29141,Morgan County,MO,NA
29143,New Madrid County,MO,NA
29145,Newton County,MO,NA
29147,Nodaway County,MO,NA
29149,Oregon County,MO,NA
29153,Ozark County,MO,NA
29155,Pemiscot County,MO,NA
29157,Perry County,MO,NA
29159,Pettis County,MO,NA
29161,Phelps County,MO,NA
29163,Pike County,MO,NA
29165,Platte County,MO,NA
29167,Polk County,MO,NA
29169,Pulaski County,MO,NA
29173,Ralls County,MO,NA
29175,Randolph County,MO,NA
29177,Ray County,MO,NA
29181,Ripley County,MO,NA
29183,St. Charles County,MO,NA
29185,St. Clair County,MO,NA
29186,Ste. Genevieve County,MO,NA
29187,St. Francois County,MO,86.87943262411348
29189,St. Louis County,MO,4.25531914893617
29195,Saline County,MO,NA
29201,Scott County,MO,NA
29207,Stoddard County,MO,NA
29209,Stone County,MO,NA
29213,Taney County,MO,NA
29215,Texas County,MO,NA
29217,Vernon County,MO,NA
29219,Warren County,MO,NA
29221,Washington County,MO,NA
29223,Wayne County,MO,NA
29225,Webster County,MO,NA
29229,Wright County,MO,NA
29510,St. Louis city,MO,NA
30001,Beaverhead County,MT,NA
30003,Big Horn County,MT,NA
30007,Broadwater County,MT,NA
30009,Carbon County,MT,NA
30013,Cascade County,MT,NA
30017,Custer County,MT,NA
30021,Dawson County,MT,NA
30023,Deer Lodge County,MT,NA
30027,Fergus County,MT,NA
30029,Flathead County,MT,NA
30031,Gallatin County,MT,NA
30035,Glacier County,MT,NA
30041,Hill County,MT,NA
30043,Jefferson County,MT,NA
30047,Lake County,MT,NA
30049,Lewis and Clark County,MT,NA
30053,Lincoln County,MT,NA
30055,McCone County,MT,NA
30057,Madison County,MT,NA
30063,Missoula County,MT,NA
30065,Musselshell County,MT,NA
30067,Park County,MT,NA
30073,Pondera County,MT,NA
30077,Powell County,MT,NA
30081,Ravalli County,MT,NA
30083,Richland County,MT,NA
30087,Rosebud County,MT,NA
30089,Sanders County,MT,NA
30093,Silver Bow County,MT,NA
30095,Stillwater County,MT,NA
30097,Sweet Grass County,MT,NA
30105,Valley County,MT,NA
30111,Yellowstone County,MT,NA
31001,Adams County,NE,NA
31011,Boone County,NE,NA
31013,Box Butte County,NE,NA
31019,Buffalo County,NE,NA
31021,Burt County,NE,NA
31023,Butler County,NE,NA
31025,Cass County,NE,NA
31027,Cedar County,NE,NA
31033,Cheyenne County,NE,NA
31037,Colfax County,NE,NA
31039,Cuming County,NE,NA
31041,Custer County,NE,NA
31043,Dakota County,NE,NA
31045,Dawes County,NE,NA
31047,Dawson County,NE,NA
31053,Dodge County,NE,NA
31055,Douglas County,NE,NA
31067,Gage County,NE,NA
31079,Hall County,NE,NA
31081,Hamilton County,NE,NA
31089,Holt County,NE,NA
31093,Howard County,NE,NA
31095,Jefferson County,NE,NA
31099,Kearney County,NE,NA
31101,Keith County,NE,NA
31109,Lancaster County,NE,NA
31111,Lincoln County,NE,NA
31119,Madison County,NE,NA
31121,Merrick County,NE,NA
31127,Nemaha County,NE,NA
31131,Otoe County,NE,NA
31137,Phelps County,NE,NA
31139,Pierce County,NE,NA
31141,Platte County,NE,NA
31145,Red Willow County,NE,NA
31147,Richardson County,NE,NA
31151,Saline County,NE,NA
31153,Sarpy County,NE,NA
31155,Saunders County,NE,NA
31157,Scotts Bluff County,NE,NA
31159,Seward County,NE,NA
31167,Stanton County,NE,NA
31169,Thayer County,NE,NA
31177,Washington County,NE,NA
31179,Wayne County,NE,NA
31185,York County,NE,NA
32001,Churchill County,NV,NA
32003,Clark County,NV,NA
32005,Douglas County,NV,NA
32007,Elko County,NV,NA
32013,Humboldt County,NV,NA
32015,Lander County,NV,NA
32019,Lyon County,NV,NA
32031,Washoe County,NV,NA
32510,Carson City,NV,NA
33001,Belknap County,NH,NA
33003,Carroll County,NH,NA
33005,Cheshire County,NH,NA
33007,Coos County,NH,NA
33009,Grafton County,NH,NA
33011,Hillsborough County,NH,11.347517730496454
33013,Merrimack County,NH,NA
33015,Rockingham County,NH,41.13475177304964
33017,Strafford County,NH,NA
33019,Sullivan County,NH,NA
34001,Atlantic County,NJ,NA
34003,Bergen County,NJ,NA
34005,Burlington County,NJ,NA
34007,Camden County,NJ,NA
34009,Cape May County,NJ,NA
34011,Cumberland County,NJ,NA
34013,Essex County,NJ,NA
34015,Gloucester County,NJ,NA
34017,Hudson County,NJ,NA
34019,Hunterdon County,NJ,NA
34021,Mercer County,NJ,NA
34023,Middlesex County,NJ,NA
34025,Monmouth County,NJ,10.28368794326241
34027,Morris County,NJ,NA
34029,Ocean County,NJ,NA
34031,Passaic County,NJ,NA
34033,Salem County,NJ,NA
34035,Somerset County,NJ,NA
34037,Sussex County,NJ,NA
34039,Union County,NJ,28.723404255319153
34041,Warren County,NJ,NA
35001,Bernalillo County,NM,31.20567375886525
35005,Chaves County,NM,NA
35006,Cibola County,NM,NA
35007,Colfax County,NM,NA
35009,Curry County,NM,NA
35015,Eddy County,NM,NA
35017,Grant County,NM,NA
35023,Hidalgo County,NM,NA
35025,Lea County,NM,NA
35027,Lincoln County,NM,NA
35028,Los Alamos County,NM,NA
35029,Luna County,NM,NA
35031,McKinley County,NM,NA
35035,Otero County,NM,NA
35039,Rio Arriba County,NM,NA
35041,Roosevelt County,NM,NA
35043,Sandoval County,NM,NA
35045,San Juan County,NM,60.28368794326241
35047,San Miguel County,NM,NA
35049,Santa Fe County,NM,NA
35055,Taos County,NM,NA
35057,Torrance County,NM,NA
35061,Valencia County,NM,NA
36001,Albany County,NY,NA
36003,Allegany County,NY,NA
36005,Bronx County,NY,20.212765957446805
36007,Broome County,NY,15.24822695035461
36009,Cattaraugus County,NY,NA
36011,Cayuga County,NY,NA
36013,Chautauqua County,NY,NA
36015,Chemung County,NY,NA
36017,Chenango County,NY,NA
36019,Clinton County,NY,NA
36021,Columbia County,NY,NA
36023,Cortland County,NY,NA
36025,Delaware County,NY,NA
36027,Dutchess County,NY,NA
36029,Erie County,NY,2.4822695035460995
36031,Essex County,NY,NA
36033,Franklin County,NY,NA
36035,Fulton County,NY,NA
36037,Genesee County,NY,NA
36039,Greene County,NY,NA
36043,Herkimer County,NY,85.1063829787234
36045,Jefferson County,NY,NA
36047,Kings County,NY,NA
36049,Lewis County,NY,NA
36051,Livingston County,NY,NA
36053,Madison County,NY,NA
36055,Monroe County,NY,0
36057,Montgomery County,NY,NA
36059,Nassau County,NY,29.78723404255319
36061,New York County,NY,1.4184397163120568
36063,Niagara County,NY,21.27659574468085
36065,Oneida County,NY,NA
36067,Onondaga County,NY,25.53191489361702
36069,Ontario County,NY,62.056737588652474
36071,Orange County,NY,NA
36073,Orleans County,NY,NA
36075,Oswego County,NY,NA
36077,Otsego County,NY,NA
36079,Putnam County,NY,NA
36081,Queens County,NY,33.33333333333333
36083,Rensselaer County,NY,42.5531914893617
36085,Richmond County,NY,40.78014184397163
36087,Rockland County,NY,44.680851063829785
36089,St. Lawrence County,NY,37.5886524822695
36091,Saratoga County,NY,NA
36093,Schenectady County,NY,44.32624113475177
36095,Schoharie County,NY,NA
36097,Schuyler County,NY,NA
36099,Seneca County,NY,NA
36101,Steuben County,NY,NA
36103,Suffolk County,NY,47.5177304964539
36105,Sullivan County,NY,NA
36107,Tioga County,NY,NA
36109,Tompkins County,NY,NA
36111,Ulster County,NY,NA
36113,Warren County,NY,NA
36115,Washington County,NY,NA
36117,Wayne County,NY,65.60283687943263
36119,Westchester County,NY,NA
36121,Wyoming County,NY,NA
36123,Yates County,NY,NA
37001,Alamance County,NC,NA
37003,Alexander County,NC,NA
37005,Alleghany County,NC,NA
37007,Anson County,NC,NA
37009,Ashe County,NC,NA
37011,Avery County,NC,NA
37013,Beaufort County,NC,NA
37015,Bertie County,NC,NA
37017,Bladen County,NC,NA
37019,Brunswick County,NC,NA
37021,Buncombe County,NC,NA
37023,Burke County,NC,NA
37025,Cabarrus County,NC,38.297872340425535
37027,Caldwell County,NC,NA
37031,Carteret County,NC,NA
37033,Caswell County,NC,NA
37035,Catawba County,NC,43.61702127659575
37037,Chatham County,NC,NA
37039,Cherokee County,NC,NA
37041,Chowan County,NC,NA
37043,Clay County,NC,NA
37045,Cleveland County,NC,61.347517730496456
37047,Columbus County,NC,NA
37049,Craven County,NC,NA
37051,Cumberland County,NC,37.234042553191486
37053,Currituck County,NC,NA
37055,Dare County,NC,NA
37057,Davidson County,NC,27.659574468085108
37059,Davie County,NC,NA
37061,Duplin County,NC,NA
37063,Durham County,NC,53.191489361702125
37065,Edgecombe County,NC,NA
37067,Forsyth County,NC,NA
37069,Franklin County,NC,NA
37071,Gaston County,NC,NA
37075,Graham County,NC,NA
37077,Granville County,NC,NA
37079,Greene County,NC,NA
37081,Guilford County,NC,14.893617021276595
37083,Halifax County,NC,NA
37085,Harnett County,NC,NA
37087,Haywood County,NC,NA
37089,Henderson County,NC,NA
37091,Hertford County,NC,NA
37093,Hoke County,NC,NA
37097,Iredell County,NC,NA
37099,Jackson County,NC,NA
37101,Johnston County,NC,NA
37103,Jones County,NC,NA
37105,Lee County,NC,87.94326241134752
37107,Lenoir County,NC,78.36879432624113
37109,Lincoln County,NC,NA
37111,McDowell County,NC,NA
37113,Macon County,NC,NA
37115,Madison County,NC,NA
37117,Martin County,NC,NA
37119,Mecklenburg County,NC,9.574468085106384
37121,Mitchell County,NC,NA
37123,Montgomery County,NC,NA
37125,Moore County,NC,84.04255319148936
37127,Nash County,NC,NA
37129,New Hanover County,NC,34.04255319148936
37131,Northampton County,NC,NA
37133,Onslow County,NC,NA
37135,Orange County,NC,46.09929078014184
37137,Pamlico County,NC,NA
37139,Pasquotank County,NC,NA
37141,Pender County,NC,81.91489361702128
37143,Perquimans County,NC,NA
37145,Person County,NC,NA
37147,Pitt County,NC,75.88652482269504
37149,Polk County,NC,NA
37151,Randolph County,NC,NA
37153,Richmond County,NC,NA
37155,Robeson County,NC,NA
37157,Rockingham County,NC,NA
37159,Rowan County,NC,NA
37161,Rutherford County,NC,NA
37163,Sampson County,NC,67.02127659574468
37165,Scotland County,NC,NA
37167,Stanly County,NC,NA
37169,Stokes County,NC,NA
37171,Surry County,NC,NA
37173,Swain County,NC,NA
37175,Transylvania County,NC,NA
37177,Tyrrell County,NC,NA
37179,Union County,NC,NA
37181,Vance County,NC,NA
37183,Wake County,NC,8.865248226950355
37185,Warren County,NC,NA
37187,Washington County,NC,NA
37189,Watauga County,NC,NA
37191,Wayne County,NC,NA
37193,Wilkes County,NC,NA
37195,Wilson County,NC,73.04964539007092
37197,Yadkin County,NC,73.40425531914893
37199,Yancey County,NC,NA
38003,Barnes County,ND,NA
38009,Bottineau County,ND,NA
38011,Bowman County,ND,NA
38015,Burleigh County,ND,NA
38017,Cass County,ND,NA
38019,Cavalier County,ND,NA
38021,Dickey County,ND,NA
38035,Grand Forks County,ND,NA
38053,McKenzie County,ND,NA
38055,McLean County,ND,NA
38057,Mercer County,ND,NA
38059,Morton County,ND,NA
38061,Mountrail County,ND,NA
38069,Pierce County,ND,NA
38071,Ramsey County,ND,NA
38073,Ransom County,ND,NA
38077,Richland County,ND,NA
38079,Rolette County,ND,NA
38085,Sioux County,ND,NA
38089,Stark County,ND,91.48936170212765
38093,Stutsman County,ND,NA
38099,Walsh County,ND,NA
38101,Ward County,ND,NA
38103,Wells County,ND,NA
38105,Williams County,ND,NA
39001,Adams County,OH,NA
39003,Allen County,OH,NA
39005,Ashland County,OH,NA
39007,Ashtabula County,OH,NA
39009,Athens County,OH,NA
39011,Auglaize County,OH,NA
39013,Belmont County,OH,54.25531914893617
39015,Brown County,OH,95.39007092198581
39017,Butler County,OH,18.085106382978726
39019,Carroll County,OH,NA
39021,Champaign County,OH,NA
39023,Clark County,OH,51.41843971631206
39025,Clermont County,OH,NA
39027,Clinton County,OH,NA
39029,Columbiana County,OH,NA
39031,Coshocton County,OH,NA
39033,Crawford County,OH,65.95744680851064
39035,Cuyahoga County,OH,5.673758865248227
39037,Darke County,OH,NA
39039,Defiance County,OH,NA
39041,Delaware County,OH,86.52482269503547
39043,Erie County,OH,NA
39045,Fairfield County,OH,NA
39047,Fayette County,OH,NA
39049,Franklin County,OH,46.808510638297875
39051,Fulton County,OH,NA
39053,Gallia County,OH,NA
39055,Geauga County,OH,NA
39057,Greene County,OH,NA
39059,Guernsey County,OH,NA
39061,Hamilton County,OH,6.382978723404255
39063,Hancock County,OH,NA
39065,Hardin County,OH,NA
39067,Harrison County,OH,NA
39069,Henry County,OH,NA
39071,Highland County,OH,NA
39073,Hocking County,OH,NA
39075,Holmes County,OH,NA
39077,Huron County,OH,66.31205673758865
39079,Jackson County,OH,NA
39081,Jefferson County,OH,NA
39083,Knox County,OH,NA
39085,Lake County,OH,NA
39087,Lawrence County,OH,NA
39089,Licking County,OH,NA
39091,Logan County,OH,NA
39093,Lorain County,OH,NA
39095,Lucas County,OH,8.51063829787234
39097,Madison County,OH,NA
39099,Mahoning County,OH,NA
39101,Marion County,OH,68.08510638297872
39103,Medina County,OH,72.3404255319149
39105,Meigs County,OH,NA
39107,Mercer County,OH,NA
39109,Miami County,OH,48.58156028368794
39111,Monroe County,OH,NA
39113,Montgomery County,OH,22.340425531914892
39115,Morgan County,OH,NA
39117,Morrow County,OH,NA
39119,Muskingum County,OH,NA
39121,Noble County,OH,NA
39123,Ottawa County,OH,NA
39125,Paulding County,OH,NA
39127,Perry County,OH,NA
39129,Pickaway County,OH,NA
39131,Pike County,OH,NA
39133,Portage County,OH,NA
39135,Preble County,OH,NA
39137,Putnam County,OH,NA
39139,Richland County,OH,NA
39141,Ross County,OH,65.24822695035462
39143,Sandusky County,OH,NA
39145,Scioto County,OH,NA
39147,Seneca County,OH,NA
39149,Shelby County,OH,NA
39151,Stark County,OH,NA
39153,Summit County,OH,16.666666666666664
39155,Trumbull County,OH,NA
39157,Tuscarawas County,OH,52.12765957446809
39159,Union County,OH,NA
39161,Van Wert County,OH,NA
39163,Vinton County,OH,NA
39165,Warren County,OH,NA
39167,Washington County,OH,NA
39169,Wayne County,OH,NA
39171,Williams County,OH,NA
39173,Wood County,OH,71.27659574468085
39175,Wyandot County,OH,NA
40001,Adair County,OK,NA
40005,Atoka County,OK,NA
40009,Beckham County,OK,NA
40011,Blaine County,OK,NA
40013,Bryan County,OK,NA
40015,Caddo County,OK,NA
40017,Canadian County,OK,NA
40019,Carter County,OK,NA
40021,Cherokee County,OK,NA
40023,Choctaw County,OK,NA
40027,Cleveland County,OK,NA
40029,Coal County,OK,NA
40031,Comanche County,OK,62.4113475177305
40035,Craig County,OK,NA
40037,Creek County,OK,NA
40039,Custer County,OK,NA
40041,Delaware County,OK,NA
40047,Garfield County,OK,NA
40049,Garvin County,OK,NA
40051,Grady County,OK,NA
40055,Greer County,OK,NA
40061,Haskell County,OK,NA
40063,Hughes County,OK,NA
40065,Jackson County,OK,NA
40067,Jefferson County,OK,NA
40069,Johnston County,OK,NA
40071,Kay County,OK,NA
40073,Kingfisher County,OK,NA
40075,Kiowa County,OK,NA
40077,Latimer County,OK,NA
40079,Le Flore County,OK,NA
40081,Lincoln County,OK,NA
40083,Logan County,OK,NA
40085,Love County,OK,NA
40087,McClain County,OK,NA
40089,McCurtain County,OK,NA
40091,McIntosh County,OK,NA
40093,Major County,OK,NA
40095,Marshall County,OK,NA
40097,Mayes County,OK,NA
40099,Murray County,OK,NA
40101,Muskogee County,OK,78.01418439716312
40103,Noble County,OK,NA
40105,Nowata County,OK,NA
40107,Okfuskee County,OK,NA
40109,Oklahoma County,OK,NA
40111,Okmulgee County,OK,NA
40113,Osage County,OK,NA
40115,Ottawa County,OK,NA
40117,Pawnee County,OK,NA
40119,Payne County,OK,72.69503546099291
40121,Pittsburg County,OK,NA
40123,Pontotoc County,OK,NA
40125,Pottawatomie County,OK,68.79432624113475
40127,Pushmataha County,OK,NA
40129,Roger Mills County,OK,NA
40131,Rogers County,OK,NA
40133,Seminole County,OK,NA
40135,Sequoyah County,OK,NA
40137,Stephens County,OK,76.24113475177306
40139,Texas County,OK,NA
40141,Tillman County,OK,NA
40143,Tulsa County,OK,13.47517730496454
40145,Wagoner County,OK,NA
40147,Washington County,OK,NA
40149,Washita County,OK,NA
40151,Woods County,OK,NA
40153,Woodward County,OK,NA
41001,Baker County,OR,NA
41003,Benton County,OR,NA
41005,Clackamas County,OR,NA
41007,Clatsop County,OR,NA
41009,Columbia County,OR,NA
41011,Coos County,OR,NA
41013,Crook County,OR,NA
41015,Curry County,OR,NA
41017,Deschutes County,OR,56.73758865248227
41019,Douglas County,OR,47.16312056737589
41025,Harney County,OR,NA
41027,Hood River County,OR,NA
41029,Jackson County,OR,58.156028368794324
41031,Jefferson County,OR,NA
41033,Josephine County,OR,NA
41035,Klamath County,OR,NA
41037,Lake County,OR,NA
41039,Lane County,OR,27.30496453900709
41041,Lincoln County,OR,NA
41043,Linn County,OR,41.843971631205676
41045,Malheur County,OR,NA
41047,Marion County,OR,NA
41049,Morrow County,OR,98.581560283687935
41051,Multnomah County,OR,35.46099290780142
41053,Polk County,OR,NA
41057,Tillamook County,OR,NA
41059,Umatilla County,OR,NA
41061,Union County,OR,NA
41065,Wasco County,OR,NA
41067,Washington County,OR,NA
41071,Yamhill County,OR,NA
42001,Adams County,PA,76.59574468085107
42003,Allegheny County,PA,NA
42005,Armstrong County,PA,NA
42007,Beaver County,PA,NA
42009,Bedford County,PA,NA
42011,Berks County,PA,11.702127659574469
42013,Blair County,PA,NA
42015,Bradford County,PA,NA
42017,Bucks County,PA,23.404255319148938
42019,Butler County,PA,NA
42021,Cambria County,PA,46.45390070921986
42023,Cameron County,PA,NA
42025,Carbon County,PA,NA
42027,Centre County,PA,NA
42029,Chester County,PA,NA
42031,Clarion County,PA,NA
42033,Clearfield County,PA,NA
42035,Clinton County,PA,NA
42037,Columbia County,PA,NA
42039,Crawford County,PA,NA
42041,Cumberland County,PA,45.744680851063826
42043,Dauphin County,PA,NA
42045,Delaware County,PA,9.929078014184398
42047,Elk County,PA,NA
42049,Erie County,PA,NA
42051,Fayette County,PA,NA
42055,Franklin County,PA,40.0709219858156
42057,Fulton County,PA,NA
42059,Greene County,PA,NA
42061,Huntingdon County,PA,NA
42063,Indiana County,PA,NA
42065,Jefferson County,PA,NA
42067,Juniata County,PA,NA
42069,Lackawanna County,PA,NA
42071,Lancaster County,PA,15.602836879432624
42073,Lawrence County,PA,NA
42075,Lebanon County,PA,NA
42077,Lehigh County,PA,13.829787234042554
42079,Luzerne County,PA,14.539007092198581
42081,Lycoming County,PA,NA
42083,McKean County,PA,NA
42085,Mercer County,PA,NA
42087,Mifflin County,PA,NA
42089,Monroe County,PA,NA
42091,Montgomery County,PA,NA
42093,Montour County,PA,NA
42095,Northampton County,PA,NA
42097,Northumberland County,PA,43.262411347517734
42099,Perry County,PA,NA
42101,Philadelphia County,PA,5.319148936170213
42103,Pike County,PA,NA
42105,Potter County,PA,NA
42107,Schuylkill County,PA,NA
42109,Snyder County,PA,NA
42111,Somerset County,PA,NA
42115,Susquehanna County,PA,NA
42117,Tioga County,PA,NA
42119,Union County,PA,NA
42121,Venango County,PA,NA
42123,Warren County,PA,NA
42125,Washington County,PA,36.87943262411347
42127,Wayne County,PA,NA
42129,Westmoreland County,PA,NA
42131,Wyoming County,PA,NA
42133,York County,PA,NA
44001,Bristol County,RI,NA
44003,Kent County,RI,35.1063829787234
44005,Newport County,RI,NA
44007,Providence County,RI,10.638297872340425
44009,Washington County,RI,NA
45001,Abbeville County,SC,NA
45003,Aiken County,SC,55.673758865248224
45005,Allendale County,SC,NA
45007,Anderson County,SC,62.76595744680851
45009,Bamberg County,SC,NA
45011,Barnwell County,SC,NA
45013,Beaufort County,SC,NA
45015,Berkeley County,SC,NA
45017,Calhoun County,SC,NA
45019,Charleston County,SC,NA
45021,Cherokee County,SC,NA
45023,Chester County,SC,96.09929078014184
45025,Chesterfield County,SC,NA
45027,Clarendon County,SC,NA
45029,Colleton County,SC,NA
45031,Darlington County,SC,NA
45033,Dillon County,SC,NA
45035,Dorchester County,SC,NA
45037,Edgefield County,SC,NA
45039,Fairfield County,SC,NA
45041,Florence County,SC,NA
45043,Georgetown County,SC,NA
45045,Greenville County,SC,NA
45047,Greenwood County,SC,NA
45049,Hampton County,SC,NA
45051,Horry County,SC,47.87234042553192
45053,Jasper County,SC,NA
45055,Kershaw County,SC,NA
45057,Lancaster County,SC,NA
45059,Laurens County,SC,NA
45061,Lee County,SC,NA
45063,Lexington County,SC,74.11347517730496
45065,McCormick County,SC,NA
45067,Marion County,SC,NA
45069,Marlboro County,SC,NA
45071,Newberry County,SC,NA
45073,Oconee County,SC,NA
45075,Orangeburg County,SC,NA
45077,Pickens County,SC,NA
45079,Richland County,SC,NA
45081,Saluda County,SC,NA
45083,Spartanburg County,SC,NA
45085,Sumter County,SC,71.63120567375887
45087,Union County,SC,NA
45089,Williamsburg County,SC,NA
45091,York County,SC,50
46005,Beadle County,SD,93.61702127659575
46011,Brookings County,SD,NA
46013,Brown County,SD,NA
46017,Buffalo County,SD,NA
46019,Butte County,SD,NA
46023,Charles Mix County,SD,NA
46027,Clay County,SD,NA
46029,Codington County,SD,NA
46031,Corson County,SD,NA
46033,Custer County,SD,NA
46035,Davison County,SD,NA
46041,Dewey County,SD,NA
46045,Edmunds County,SD,NA
46047,Fall River County,SD,NA
46051,Grant County,SD,NA
46061,Hanson County,SD,NA
46065,Hughes County,SD,NA
46067,Hutchinson County,SD,NA
46079,Lake County,SD,NA
46081,Lawrence County,SD,NA
46083,Lincoln County,SD,NA
46087,McCook County,SD,NA
46091,Marshall County,SD,NA
46093,Meade County,SD,NA
46099,Minnehaha County,SD,NA
46103,Pennington County,SD,NA
46109,Roberts County,SD,NA
46113,Shannon County,SD,NA
46115,Spink County,SD,NA
46121,Todd County,SD,NA
46127,Union County,SD,NA
46129,Walworth County,SD,NA
46135,Yankton County,SD,NA
47001,Anderson County,TN,NA
47003,Bedford County,TN,NA
47005,Benton County,TN,NA
47007,Bledsoe County,TN,NA
47009,Blount County,TN,NA
47011,Bradley County,TN,NA
47013,Campbell County,TN,NA
47015,Cannon County,TN,NA
47017,Carroll County,TN,NA
47019,Carter County,TN,NA
47021,Cheatham County,TN,NA
47023,Chester County,TN,NA
47025,Claiborne County,TN,NA
47027,Clay County,TN,NA
47029,Cocke County,TN,NA
47031,Coffee County,TN,81.56028368794325
47033,Crockett County,TN,NA
47035,Cumberland County,TN,68.43971631205675
47037,Davidson County,TN,28.01418439716312
47039,Decatur County,TN,NA
47041,DeKalb County,TN,NA
47043,Dickson County,TN,NA
47045,Dyer County,TN,NA
47047,Fayette County,TN,NA
47049,Fentress County,TN,NA
47051,Franklin County,TN,NA
47053,Gibson County,TN,NA
47055,Giles County,TN,NA
47057,Grainger County,TN,NA
47059,Greene County,TN,54.60992907801418
47061,Grundy County,TN,NA
47063,Hamblen County,TN,NA
47065,Hamilton County,TN,NA
47067,Hancock County,TN,NA
47069,Hardeman County,TN,NA
47071,Hardin County,TN,NA
47073,Hawkins County,TN,NA
47075,Haywood County,TN,NA
47077,Henderson County,TN,NA
47079,Henry County,TN,NA
47081,Hickman County,TN,NA
47083,Houston County,TN,NA
47085,Humphreys County,TN,NA
47087,Jackson County,TN,NA
47089,Jefferson County,TN,NA
47091,Johnson County,TN,NA
47093,Knox County,TN,NA
47095,Lake County,TN,NA
47097,Lauderdale County,TN,NA
47099,Lawrence County,TN,NA
47101,Lewis County,TN,NA
47103,Lincoln County,TN,NA
47105,Loudon County,TN,NA
47107,McMinn County,TN,74.46808510638297
47109,McNairy County,TN,NA
47111,Macon County,TN,NA
47113,Madison County,TN,64.53900709219859
47115,Marion County,TN,NA
47117,Marshall County,TN,NA
47119,Maury County,TN,NA
47121,Meigs County,TN,NA
47123,Monroe County,TN,NA
47125,Montgomery County,TN,NA
47127,Moore County,TN,NA
47129,Morgan County,TN,NA
47131,Obion County,TN,NA
47133,Overton County,TN,NA
47135,Perry County,TN,NA
47137,Pickett County,TN,NA
47139,Polk County,TN,NA
47141,Putnam County,TN,NA
47143,Rhea County,TN,NA
47145,Roane County,TN,NA
47147,Robertson County,TN,80.1418439716312
47149,Rutherford County,TN,NA
47151,Scott County,TN,NA
47153,Sequatchie County,TN,NA
47155,Sevier County,TN,NA
47157,Shelby County,TN,NA
47159,Smith County,TN,NA
47161,Stewart County,TN,NA
47163,Sullivan County,TN,75.53191489361703
47165,Sumner County,TN,NA
47167,Tipton County,TN,NA
47169,Trousdale County,TN,NA
47171,Unicoi County,TN,NA
47173,Union County,TN,NA
47175,Van Buren County,TN,NA
47177,Warren County,TN,NA
47179,Washington County,TN,NA
47181,Wayne County,TN,NA
47183,Weakley County,TN,NA
47185,White County,TN,NA
47187,Williamson County,TN,50.35460992907801
47189,Wilson County,TN,90.42553191489363
48001,Anderson County,TX,NA
48003,Andrews County,TX,NA
48005,Angelina County,TX,NA
48007,Aransas County,TX,NA
48013,Atascosa County,TX,NA
48015,Austin County,TX,NA
48017,Bailey County,TX,NA
48019,Bandera County,TX,NA
48021,Bastrop County,TX,NA
48025,Bee County,TX,NA
48027,Bell County,TX,NA
48029,Bexar County,TX,NA
48031,Blanco County,TX,NA
48035,Bosque County,TX,NA
48037,Bowie County,TX,NA
48039,Brazoria County,TX,NA
48041,Brazos County,TX,NA
48043,Brewster County,TX,NA
48047,Brooks County,TX,NA
48049,Brown County,TX,NA
48051,Burleson County,TX,NA
48053,Burnet County,TX,NA
48055,Caldwell County,TX,NA
48057,Calhoun County,TX,NA
48059,Callahan County,TX,NA
48061,Cameron County,TX,NA
48063,Camp County,TX,NA
48067,Cass County,TX,NA
48071,Chambers County,TX,NA
48073,Cherokee County,TX,NA
48075,Childress County,TX,NA
48077,Clay County,TX,NA
48083,Coleman County,TX,NA
48085,Collin County,TX,NA
48089,Colorado County,TX,NA
48091,Comal County,TX,NA
48093,Comanche County,TX,NA
48097,Cooke County,TX,NA
48099,Coryell County,TX,NA
48103,Crane County,TX,NA
48105,Crockett County,TX,NA
48113,Dallas County,TX,0.3546099290780142
48115,Dawson County,TX,NA
48119,Delta County,TX,NA
48121,Denton County,TX,17.375886524822697
48123,DeWitt County,TX,NA
48127,Dimmit County,TX,NA
48131,Duval County,TX,NA
48133,Eastland County,TX,NA
48135,Ector County,TX,NA
48139,Ellis County,TX,NA
48141,El Paso County,TX,NA
48143,Erath County,TX,NA
48145,Falls County,TX,NA
48147,Fannin County,TX,NA
48149,Fayette County,TX,NA
48157,Fort Bend County,TX,NA
48159,Franklin County,TX,NA
48161,Freestone County,TX,NA
48163,Frio County,TX,NA
48165,Gaines County,TX,NA
48167,Galveston County,TX,17.02127659574468
48169,Garza County,TX,NA
48171,Gillespie County,TX,NA
48175,Goliad County,TX,NA
48177,Gonzales County,TX,NA
48181,Grayson County,TX,NA
48183,Gregg County,TX,NA
48185,Grimes County,TX,NA
48187,Guadalupe County,TX,NA
48189,Hale County,TX,NA
48193,Hamilton County,TX,NA
48199,Hardin County,TX,NA
48201,Harris County,TX,10.99290780141844
48203,Harrison County,TX,NA
48209,Hays County,TX,NA
48213,Henderson County,TX,64.8936170212766
48215,Hidalgo County,TX,NA
48217,Hill County,TX,NA
48219,Hockley County,TX,NA
48221,Hood County,TX,NA
48223,Hopkins County,TX,NA
48225,Houston County,TX,NA
48227,Howard County,TX,NA
48231,Hunt County,TX,NA
48237,Jack County,TX,NA
48239,Jackson County,TX,NA
48241,Jasper County,TX,92.5531914893617
48245,Jefferson County,TX,39.71631205673759
48247,Jim Hogg County,TX,NA
48249,Jim Wells County,TX,NA
48251,Johnson County,TX,NA
48255,Karnes County,TX,NA
48257,Kaufman County,TX,NA
48259,Kendall County,TX,NA
48265,Kerr County,TX,NA
48267,Kimble County,TX,NA
48273,Kleberg County,TX,NA
48277,Lamar County,TX,NA
48279,Lamb County,TX,NA
48281,Lampasas County,TX,NA
48283,La Salle County,TX,NA
48285,Lavaca County,TX,NA
48287,Lee County,TX,NA
48289,Leon County,TX,NA
48291,Liberty County,TX,NA
48293,Limestone County,TX,NA
48297,Live Oak County,TX,NA
48299,Llano County,TX,NA
48303,Lubbock County,TX,NA
48307,McCulloch County,TX,NA
48309,McLennan County,TX,NA
48313,Madison County,TX,NA
48315,Marion County,TX,NA
48317,Martin County,TX,NA
48319,Mason County,TX,NA
48321,Matagorda County,TX,NA
48323,Maverick County,TX,NA
48325,Medina County,TX,NA
48329,Midland County,TX,NA
48331,Milam County,TX,NA
48335,Mitchell County,TX,NA
48337,Montague County,TX,NA
48339,Montgomery County,TX,NA
48343,Morris County,TX,NA
48347,Nacogdoches County,TX,84.75177304964538
48349,Navarro County,TX,NA
48351,Newton County,TX,NA
48353,Nolan County,TX,NA
48355,Nueces County,TX,45.39007092198582
48361,Orange County,TX,NA
48363,Palo Pinto County,TX,NA
48365,Panola County,TX,NA
48367,Parker County,TX,NA
48371,Pecos County,TX,NA
48373,Polk County,TX,NA
48375,Potter County,TX,85.81560283687944
48377,Presidio County,TX,NA
48379,Rains County,TX,NA
48381,Randall County,TX,77.30496453900709
48383,Reagan County,TX,NA
48387,Red River County,TX,NA
48389,Reeves County,TX,NA
48391,Refugio County,TX,NA
48395,Robertson County,TX,NA
48397,Rockwall County,TX,NA
48399,Runnels County,TX,NA
48401,Rusk County,TX,NA
48403,Sabine County,TX,NA
48405,San Augustine County,TX,NA
48407,San Jacinto County,TX,NA
48409,San Patricio County,TX,NA
48411,San Saba County,TX,NA
48413,Schleicher County,TX,NA
48415,Scurry County,TX,NA
48419,Shelby County,TX,NA
48423,Smith County,TX,24.113475177304963
48425,Somervell County,TX,NA
48427,Starr County,TX,NA
48429,Stephens County,TX,NA
48435,Sutton County,TX,NA
48439,Tarrant County,TX,1.773049645390071
48441,Taylor County,TX,NA
48445,Terry County,TX,NA
48449,Titus County,TX,NA
48451,Tom Green County,TX,69.50354609929079
48453,Travis County,TX,17.73049645390071
48455,Trinity County,TX,NA
48457,Tyler County,TX,NA
48459,Upshur County,TX,NA
48461,Upton County,TX,NA
48463,Uvalde County,TX,NA
48465,Val Verde County,TX,NA
48467,Van Zandt County,TX,NA
48469,Victoria County,TX,NA
48471,Walker County,TX,NA
48473,Waller County,TX,NA
48475,Ward County,TX,NA
48477,Washington County,TX,NA
48479,Webb County,TX,NA
48481,Wharton County,TX,NA
48485,Wichita County,TX,NA
48487,Wilbarger County,TX,NA
48489,Willacy County,TX,NA
48491,Williamson County,TX,51.77304964539007
48493,Wilson County,TX,NA
48495,Winkler County,TX,NA
48497,Wise County,TX,NA
48499,Wood County,TX,NA
48501,Yoakum County,TX,NA
48503,Young County,TX,NA
48505,Zapata County,TX,NA
48507,Zavala County,TX,NA
49001,Beaver County,UT,NA
49003,Box Elder County,UT,NA
49005,Cache County,UT,NA
49007,Carbon County,UT,NA
49011,Davis County,UT,NA
49013,Duchesne County,UT,NA
49015,Emery County,UT,NA
49019,Grand County,UT,NA
49021,Iron County,UT,NA
49023,Juab County,UT,NA
49025,Kane County,UT,NA
49027,Millard County,UT,NA
49029,Morgan County,UT,NA
49035,Salt Lake County,UT,28.368794326241137
49037,San Juan County,UT,NA
49039,Sanpete County,UT,NA
49041,Sevier County,UT,NA
49043,Summit County,UT,NA
49045,Tooele County,UT,NA
49047,Uintah County,UT,NA
49049,Utah County,UT,NA
49051,Wasatch County,UT,NA
49053,Washington County,UT,NA
49057,Weber County,UT,79.7872340425532
50001,Addison County,VT,NA
50003,Bennington County,VT,NA
50005,Caledonia County,VT,NA
50007,Chittenden County,VT,NA
50011,Franklin County,VT,NA
50015,Lamoille County,VT,NA
50017,Orange County,VT,NA
50019,Orleans County,VT,NA
50021,Rutland County,VT,NA
50023,Washington County,VT,NA
50025,Windham County,VT,NA
50027,Windsor County,VT,NA
51001,Accomack County,VA,NA
51003,Albemarle County,VA,NA
51005,Alleghany County,VA,NA
51007,Amelia County,VA,NA
51009,Amherst County,VA,NA
51011,Appomattox County,VA,NA
51013,Arlington County,VA,58.51063829787234
51015,Augusta County,VA,NA
51019,Bedford County,VA,NA
51021,Bland County,VA,NA
51023,Botetourt County,VA,NA
51025,Brunswick County,VA,NA
51027,Buchanan County,VA,NA
51029,Buckingham County,VA,NA
51031,Campbell County,VA,NA
51033,Caroline County,VA,NA
51035,Carroll County,VA,NA
51036,Charles City County,VA,NA
51037,Charlotte County,VA,NA
51041,Chesterfield County,VA,NA
51043,Clarke County,VA,NA
51045,Craig County,VA,NA
51047,Culpeper County,VA,NA
51049,Cumberland County,VA,NA
51051,Dickenson County,VA,NA
51053,Dinwiddie County,VA,NA
51057,Essex County,VA,NA
51059,Fairfax County,VA,NA
51061,Fauquier County,VA,NA
51063,Floyd County,VA,NA
51065,Fluvanna County,VA,NA
51067,Franklin County,VA,NA
51069,Frederick County,VA,NA
51071,Giles County,VA,NA
51073,Gloucester County,VA,NA
51075,Goochland County,VA,NA
51077,Grayson County,VA,NA
51079,Greene County,VA,NA
51081,Greensville County,VA,NA
51083,Halifax County,VA,NA
51085,Hanover County,VA,NA
51087,Henrico County,VA,NA
51089,Henry County,VA,NA
51093,Isle of Wight County,VA,NA
51095,James City County,VA,NA
51099,King George County,VA,NA
51101,King William County,VA,NA
51103,Lancaster County,VA,NA
51105,Lee County,VA,NA
51107,Loudoun County,VA,NA
51109,Louisa County,VA,NA
51111,Lunenburg County,VA,NA
51113,Madison County,VA,NA
51117,Mecklenburg County,VA,NA
51121,Montgomery County,VA,NA
51125,Nelson County,VA,NA
51127,New Kent County,VA,NA
51131,Northampton County,VA,NA
51133,Northumberland County,VA,NA
51135,Nottoway County,VA,NA
51137,Orange County,VA,NA
51139,Page County,VA,NA
51141,Patrick County,VA,NA
51143,Pittsylvania County,VA,NA
51145,Powhatan County,VA,NA
51147,Prince Edward County,VA,NA
51149,Prince George County,VA,NA
51153,Prince William County,VA,32.97872340425532
51155,Pulaski County,VA,NA
51159,Richmond County,VA,NA
51161,Roanoke County,VA,NA
51163,Rockbridge County,VA,NA
51165,Rockingham County,VA,NA
51167,Russell County,VA,NA
51169,Scott County,VA,NA
51171,Shenandoah County,VA,NA
51173,Smyth County,VA,NA
51175,Southampton County,VA,NA
51177,Spotsylvania County,VA,NA
51179,Stafford County,VA,NA
51183,Sussex County,VA,NA
51185,Tazewell County,VA,NA
51187,Warren County,VA,NA
51191,Washington County,VA,NA
51193,Westmoreland County,VA,NA
51195,Wise County,VA,77.6595744680851
51197,Wythe County,VA,NA
51199,York County,VA,NA
51510,Alexandria city,VA,NA
51520,Bristol city,VA,NA
51530,Buena Vista city,VA,NA
51540,Charlottesville city,VA,NA
51550,Chesapeake city,VA,NA
51570,Colonial Heights city,VA,NA
51590,Danville city,VA,NA
51610,Falls Church city,VA,NA
51620,Franklin city,VA,NA
51630,Fredericksburg city,VA,NA
51640,Galax city,VA,NA
51650,Hampton city,VA,NA
51660,Harrisonburg city,VA,NA
51670,Hopewell city,VA,NA
51680,Lynchburg city,VA,NA
51683,Manassas city,VA,NA
51700,Newport News city,VA,NA
51710,Norfolk city,VA,NA
51720,Norton city,VA,NA
51730,Petersburg city,VA,NA
51735,Poquoson city,VA,NA
51740,Portsmouth city,VA,NA
51750,Radford city,VA,NA
51760,Richmond city,VA,NA
51770,Roanoke city,VA,NA
51775,Salem city,VA,NA
51790,Staunton city,VA,NA
51800,Suffolk city,VA,NA
51810,Virginia Beach city,VA,NA
51820,Waynesboro city,VA,NA
51840,Winchester city,VA,NA
53001,Adams County,WA,NA
53005,Benton County,WA,NA
53007,Chelan County,WA,NA
53009,Clallam County,WA,NA
53011,Clark County,WA,NA
53013,Columbia County,WA,NA
53015,Cowlitz County,WA,NA
53017,Douglas County,WA,NA
53019,Ferry County,WA,NA
53021,Franklin County,WA,NA
53023,Garfield County,WA,NA
53025,Grant County,WA,NA
53027,Grays Harbor County,WA,NA
53029,Island County,WA,NA
53031,Jefferson County,WA,NA
53033,King County,WA,0.7092198581560284
53035,Kitsap County,WA,37.94326241134752
53037,Kittitas County,WA,NA
53039,Klickitat County,WA,NA
53041,Lewis County,WA,NA
53043,Lincoln County,WA,NA
53045,Mason County,WA,NA
53047,Okanogan County,WA,NA
53049,Pacific County,WA,NA
53051,Pend Oreille County,WA,NA
53053,Pierce County,WA,23.75886524822695
53055,San Juan County,WA,NA
53057,Skagit County,WA,NA
53061,Snohomish County,WA,NA
53063,Spokane County,WA,25.177304964539005
53065,Stevens County,WA,87.2340425531915
53067,Thurston County,WA,NA
53069,Wahkiakum County,WA,NA
53071,Walla Walla County,WA,NA
53073,Whatcom County,WA,NA
53075,Whitman County,WA,NA
53077,Yakima County,WA,NA
54001,Barbour County,WV,NA
54003,Berkeley County,WV,NA
54005,Boone County,WV,NA
54007,Braxton County,WV,NA
54009,Brooke County,WV,NA
54011,Cabell County,WV,NA
54015,Clay County,WV,NA
54017,Doddridge County,WV,NA
54019,Fayette County,WV,NA
54021,Gilmer County,WV,NA
54023,Grant County,WV,NA
54025,Greenbrier County,WV,NA
54027,Hampshire County,WV,NA
54029,Hancock County,WV,71.98581560283688
54031,Hardy County,WV,NA
54033,Harrison County,WV,NA
54035,Jackson County,WV,NA
54037,Jefferson County,WV,NA
54039,Kanawha County,WV,NA
54041,Lewis County,WV,NA
54043,Lincoln County,WV,NA
54045,Logan County,WV,NA
54047,McDowell County,WV,NA
54049,Marion County,WV,NA
54051,Marshall County,WV,NA
54053,Mason County,WV,89.36170212765957
54055,Mercer County,WV,NA
54057,Mineral County,WV,NA
54059,Mingo County,WV,88.29787234042553
54061,Monongalia County,WV,NA
54063,Monroe County,WV,NA
54065,Morgan County,WV,NA
54067,Nicholas County,WV,NA
54069,Ohio County,WV,NA
54073,Pleasants County,WV,NA
54075,Pocahontas County,WV,NA
54077,Preston County,WV,NA
54079,Putnam County,WV,NA
54081,Raleigh County,WV,70.2127659574468
54083,Randolph County,WV,NA
54085,Ritchie County,WV,NA
54087,Roane County,WV,NA
54089,Summers County,WV,NA
54091,Taylor County,WV,NA
54093,Tucker County,WV,NA
54095,Tyler County,WV,NA
54097,Upshur County,WV,NA
54099,Wayne County,WV,NA
54101,Webster County,WV,NA
54103,Wetzel County,WV,NA
54105,Wirt County,WV,NA
54107,Wood County,WV,NA
54109,Wyoming County,WV,NA
55001,Adams County,WI,NA
55003,Ashland County,WI,NA
55005,Barron County,WI,NA
55007,Bayfield County,WI,NA
55009,Brown County,WI,NA
55011,Buffalo County,WI,NA
55013,Burnett County,WI,NA
55015,Calumet County,WI,NA
55017,Chippewa County,WI,NA
55019,Clark County,WI,NA
55021,Columbia County,WI,NA
55023,Crawford County,WI,98.93617021276596
55025,Dane County,WI,NA
55027,Dodge County,WI,NA
55029,Door County,WI,NA
55031,Douglas County,WI,NA
55033,Dunn County,WI,NA
55035,Eau Claire County,WI,NA
55037,Florence County,WI,NA
55039,Fond du Lac County,WI,NA
55041,Forest County,WI,NA
55043,Grant County,WI,NA
55045,Green County,WI,NA
55047,Green Lake County,WI,NA
55049,Iowa County,WI,NA
55051,Iron County,WI,NA
55053,Jackson County,WI,NA
55055,Jefferson County,WI,NA
55057,Juneau County,WI,NA
55059,Kenosha County,WI,31.914893617021278
55061,Kewaunee County,WI,NA
55063,La Crosse County,WI,NA
55065,Lafayette County,WI,NA
55067,Langlade County,WI,NA
55069,Lincoln County,WI,NA
55071,Manitowoc County,WI,NA
55073,Marathon County,WI,89.71631205673759
55075,Marinette County,WI,81.20567375886525
55077,Marquette County,WI,NA
55078,Menominee County,WI,NA
55079,Milwaukee County,WI,30.141843971631204
55081,Monroe County,WI,NA
55083,Oconto County,WI,NA
55085,Oneida County,WI,NA
55087,Outagamie County,WI,NA
55089,Ozaukee County,WI,NA
55091,Pepin County,WI,NA
55093,Pierce County,WI,NA
55095,Polk County,WI,NA
55097,Portage County,WI,NA
55099,Price County,WI,96.45390070921985
55101,Racine County,WI,NA
55103,Richland County,WI,NA
55105,Rock County,WI,23.04964539007092
55107,Rusk County,WI,NA
55109,St. Croix County,WI,NA
55111,Sauk County,WI,NA
55113,Sawyer County,WI,NA
55115,Shawano County,WI,NA
55117,Sheboygan County,WI,NA
55119,Taylor County,WI,NA
55121,Trempealeau County,WI,100
55123,Vernon County,WI,NA
55125,Vilas County,WI,NA
55127,Walworth County,WI,NA
55129,Washburn County,WI,NA
55131,Washington County,WI,56.02836879432624
55133,Waukesha County,WI,36.17021276595745
55135,Waupaca County,WI,NA
55137,Waushara County,WI,NA
55139,Winnebago County,WI,NA
55141,Wood County,WI,NA
56001,Albany County,WY,NA
56005,Campbell County,WY,NA
56009,Converse County,WY,NA
56013,Fremont County,WY,NA
56015,Goshen County,WY,NA
56017,Hot Springs County,WY,NA
56019,Johnson County,WY,NA
56021,Laramie County,WY,NA
56025,Natrona County,WY,NA
56029,Park County,WY,NA
56031,Platte County,WY,NA
56033,Sheridan County,WY,NA
56035,Sublette County,WY,NA
56037,Sweetwater County,WY,NA
56041,Uinta County,WY,NA
56043,Washakie County,WY,NA
56045,Weston County,WY,NA
